-0.0010356
 4.8809e-04
-4.4850e-04
-0.0077648
-0.0023356
-0.0018556
 0.0090043
 0.0084899
 0.0090650
-0.0011568
-0.0048050
-0.0027898
-0.0086001
-0.0081919
0
 6.3724e-04
-0.0052655
0
 0.010546
 0.010587
 0.010327
 0.0068516
-0.021056
-0.025611
 0.0043460
 0.0041237
-0.0034098
 3.2392e-04
 0.0012098
 0.0013608
 5.1529e-04
-0.0019358
-0.0058008
 9.1032e-04
-0.0057313
-0.0068704
0
-0.0021169
-0.0022618
 2.9493e-04
 5.1313e-04
 4.8649e-04
 0.0030429
0
-2.9250e-04
 0.0041411
-7.0263e-05
-6.5929e-04
-5.4353e-04
-0.010540
-0.0048208
-0.011286
-0.0098754
-0.010185
0
-0.028439
0
 0.0044887
 0.0045768
 0.0048753
-0.0050402
-0.0055264
-0.0056496
-0.0024057
-0.0028165
-0.0028508
-0.010959
-0.020866
-0.021235
-0.0019732
-0.0057046
-0.0021570
 1.3199e-04
 0.021506
-0.0029504
 0.0039807
 0.0010116
 0.0037735
-0.019727
-0.025381
-0.025706
 0.0025318
 0.0013120
-8.7674e-04
-0.013863
-0.012881
-0.016729
 0.0055530
 0.0013691
 9.0600e-04
 4.5938e-04
-1.4484e-04
-5.6191e-05
 3.1651e-04
0
-0.0039835
 3.1604e-04
 1.9728e-04
-8.4146e-05
 0.014554
 0.0081738
 0.010341
-0.0072476
-0.0069581
-0.0073227
 0.013057
 0.011639
 0.010816
-0.0076892
-0.0076555
-0.0079806
 0.0036650
-8.0094e-04
-6.3780e-04
 0.0069516
 0.0012322
 0.0042787
-5.8143e-04
0
-2.3471e-04
0
 8.1895e-04
 0.0012978
0
 0.0011045
-2.0019e-04
-0.0053196
 0.0024735
 0.0033166
-9.6998e-05
 2.1107e-04
 0.0039152
0
 0.0038039
 0.0069473
 0.0054872
 8.5647e-05
 0.0037750
 4.2608e-04
 0.015244
 6.8480e-05
0
 0.0026553
 8.3490e-04
 1.5507e-04
 8.2233e-04
 0.0010865
0
 3.6979e-04
 3.6276e-04
 4.3058e-04
 0.012990
 0.0015695
 0.0079258
 0.0052108
 0.0047820
 2.8893e-04
 0.0013953
 4.8574e-04
-0.013422
-0.0022828
-0.0062766
 9.9672e-04
 6.3246e-04
-0.0021523
-0.0011390
-2.9315e-04
-0.0077044
-0.0050654
-0.0046191
-0.0049140
 9.9812e-05
 0.0031256
 0.0027277
 0.010357
 0.0035381
 0.0032944
 8.7383e-04
 0.0010667
-1.1501e-04
-1.4287e-04
-3.8386e-04
0
 0.0086774
-6.7514e-04
-7.0122e-04
0
 0.0095750
 2.2073e-04
 9.1932e-05
 4.8668e-04
 9.0159e-04
 0.0050119
 0.0065161
-0.0044683
 3.6876e-04
-2.8724e-04
-2.9559e-04
 0.0086059
-0.0075938
-0.0061289
-8.5788e-04
 0.0061469
 0.0070424
 0.011385
 0.0012065
 0.0034470
-3.4747e-04
-1.6285e-04
 0.0051453
-0.0023823
0
-0.012218
 6.7411e-04
 0.014409
 0.016216
 0.023739
 0.011433
 0.0033440
 0.0031607
 0.0023524
-0.0016465
-8.5553e-05
 0.0035053
 0.0025593
 7.4090e-04
-0.0040099
-0.0048126
-0.0032996
 0.0086241
 0.010407
 0.010398
 6.7270e-04
 0.0058640
 0.0017018
-0.0062397
 5.2908e-05
-0.010468
 1.2270e-04
 4.5028e-04
 1.1266e-04
 0.0046174
 0.0026735
 0.0029636
0
-3.3114e-05
-1.5938e-04
 0.0077592
 0.0054856
 0.0045034
-0.010493
-0.012877
-0.013598
 0.0068008
-0.0061627
-0.0068353
-0.012847
-0.013830
-0.012596
 0.0011526
 0.0065529
 0.0036417
-1.8480e-04
 0.0049685
 0.020432
 0.0014822
 9.0225e-04
-0.0050551
 2.6623e-04
-6.4034e-04
 2.3452e-06
 8.2889e-04
 1.1811e-04
 3.6238e-04
-0.0091196
-0.0088428
-0.0091800
 8.6285e-04
 0.012131
 0.011610
-0.017200
-0.017642
-0.018644
0
 0.0057928
 0.0086014
 2.4784e-04
-5.3265e-04
 0.0020766
 0.0044672
 0.0077076
 0.0036970
0
-2.0629e-04
-0.0012554
-0.0049483
-0.0062655
-0.0047063
-0.0014642
-0.0020311
-2.9869e-04
-0.020720
-0.023604
-0.023363
 6.1698e-04
 0.0028698
 0.011576
 7.6098e-04
-0.0047625
-0.0066954
-0.0013071
-0.0073311
-0.010183
-1.5197e-04
 8.7101e-04
-4.3133e-04
 0.011230
 0.0028833
 0.0048415
 2.9606e-04
-0.0019366
-0.0010263
 0.0017013
 0.0019521
0
-2.2045e-05
 0.014225
 0.012570
 7.7111e-05
 5.4493e-04
 0.0055909
0
-0.0059620
 0.0046831
 1.7542e-05
-0.026547
-0.025321
-0.0083987
 8.0197e-04
-0.017601
-0.018859
-0.028108
0
-8.5066e-04
0
0
-0.025023
0
0
-0.0017338
 0.0014237
-0.0025914
-0.0026172
-0.0060490
 0.0019295
-0.0032924
 8.1332e-04
 0.0031393
-0.0057832
-0.012262
-3.8752e-04
 4.8537e-04
-2.6914e-04
-0.0093038
-0.0031145
-0.015346
 0.021731
 0.014889
0
-4.0113e-04
 6.6116e-04
-0.0016617
-0.020058
-0.023227
-0.0013835
-0.010569
-0.011128
-0.012404
 0.0083732
 0.0079102
 0.0087620
-0.025129
-0.027072
-0.026737
 0.0015395
 0.0027450
 1.1707e-04
 0.019688
 0.018096
 0.018279
0
0
0
-0.0056509
-6.7148e-04
-6.6407e-04
 0.0063315
 0.0031527
 0.0044190
 0.0083270
 0.0068341
 0.0067910
-0.0021164
0
-0.024556
 3.7477e-04
 0.0031441
 6.1717e-04
0
0
0
-2.3480e-04
 0.0021886
 0.0012488
-4.5835e-04
-0.0024165
 0.0052429
0
-0.029195
0
-0.019170
-0.027779
-0.028394
 3.3011e-04
-0.011637
-0.010977
-0.022841
-0.025789
-0.026480
-0.0056785
-0.0067489
-0.0069652
-0.0015858
0
0
 3.5666e-04
-0.020484
-0.020617
-1.1979e-04
-1.1839e-04
-1.3274e-04
0
 3.3640e-04
 3.3499e-04
-0.0051655
 9.8349e-04
 0.0010275
 0.0025734
 0.0036088
 0.0038795
 0.0016988
 0.0010514
 0.0019114
-0.0011667
-0.0033026
0
 2.3752e-04
 2.3696e-04
 2.2749e-04
 7.5103e-04
 4.9568e-04
 3.9991e-04
 1.5947e-05
 5.0657e-05
 2.8893e-05
 0.0055859
-4.2992e-04
 0.0021172
 9.7561e-06
-5.3096e-05
-0.0014746
 9.3208e-04
 1.5657e-04
 0.0033168
-0.011590
 3.6370e-04
-2.5432e-04
-0.0012189
 0.0072150
 0.0075614
0
 4.5206e-04
-0.0053360
-0.0013039
 9.1313e-04
 0.0012429
 0.0015837
 0.0015106
 0.0011467
 0.0073080
 0.0065924
 0.011881
0
 0.0042569
 0.0045332
 0.017329
 0.086384
 0.047440
-1.9822e-04
 4.3621e-04
-0.0032658
0
0
0
 1.6351e-04
-0.0035929
-0.0041388
 0.0098584
 0.010351
 0.0092457
 0.0065619
 0.011486
 0.013741
-0.0070136
 0.012441
 0.0060494
 0.0039364
 0.0058073
 0.0019860
 0.010811
 0.0072641
 0.0079190
 0.0048481
-5.5253e-04
-0.0028163
 9.3386e-04
 0.0045729
 0.010384
 7.3068e-04
 8.6323e-04
 1.1707e-04
 0.0012596
 0.0024487
 0.0017953
 0.0058226
 0.0027099
 0.0044338
 0.0011314
 0.0021947
 0.0017680
 8.2617e-04
 0.0015631
 0.0010189
 4.1811e-04
-0.018334
-0.019193
-0.018476
-0.019681
-0.014134
 9.8086e-04
 0.010172
 0.0098059
-8.1332e-04
 0.0023651
 0.0032510
 9.8630e-04
 0.0073832
 0.0024038
 0.0030278
 9.5197e-04
-2.0722e-04
 0.0074278
 0.0073776
 0.0077665
-1.2570e-05
 2.5544e-04
 2.5216e-04
 0.0021851
 7.7308e-04
 2.6567e-04
 1.8462e-04
 0.0060735
 0.0081070
 0.0052120
 0.0071714
 0.0057610
 0.0044870
 0.0015013
 0.0017327
 9.0629e-04
 2.2655e-04
 2.7767e-04
-0.0031412
-0.0042629
-0.0027674
 0.0010652
 0.0026569
 0.0010625
 0.0069911
 0.0081448
 0.0051925
 0.0060881
 0.0054038
 0.0056250
0
 5.1182e-04
 7.0422e-04
0
 2.8490e-04
0
0
-2.3902e-04
 2.3302e-04
 0.0066342
 7.1510e-04
0
 9.4371e-05
-1.6360e-04
0
-1.5497e-04
 0.0093861
 0.0017371
-5.6126e-04
 0.0051452
 0.0021856
 2.3114e-04
 7.8762e-04
0
 8.4625e-04
-0.0026062
0
0
-0.0011138
 3.2692e-04
 0.0010980
 0.012004
0
-1.0347e-04
0
 4.2552e-04
 2.7580e-04
 0.0039627
 5.3049e-04
 1.2195e-06
-3.0863e-05
0
0
 3.0159e-04
 3.9737e-04
0
-9.6257e-04
0
-4.8734e-04
0
0
 1.6782e-04
0
 0.0023567
 0.0043718
0
 1.4090e-04
 0.0018864
0
-2.9831e-05
 0.0033339
-3.4053e-05
 8.6304e-06
 0.0013184
 0.0022390
 7.7251e-04
-0.0049280
0
-0.0064085
-0.0046628
-0.0047733
 0.0056890
 0.0030373
 0.0022558
 0.0054127
 1.7908e-04
-5.8143e-04
0
0
0
0
0
 0.015676
-3.5816e-04
 0.0048205
 0.0024386
-6.4756e-04
-9.1679e-04
 0.0012773
-5.0413e-04
0
 0.0040207
0
 0.0022011
 0.0033755
 0.0039426
0
-8.5769e-04
0
0
-0.0048443
-7.1782e-04
 0.0040207
-6.1154e-04
-6.0460e-04
 0.0040207
 0.0020351
-1.6107e-04
0
 5.0732e-04
-0.0015019
 0.0040207
 0.0059653
 0.0047962
0
 3.0122e-04
-1.2280e-04
 3.9437e-04
0
0
-0.0014907
-0.0018208
-0.0015366
-4.1876e-04
-0.0034386
 0.0033948
-0.0018764
-0.0041543
 0.0079921
 0.0071016
-3.9109e-04
 0.016514
 0.017298
 0.0014786
 0.0053685
 0.0071070