193
98
264
100
262
100
262
100
261
101
261
101
261
101
261
101
261
101
261
100
262
100
262
100
262
100
262
100
262
100
262
99
262
101
261
101
261
101
261
101
261
101
261
101
261
101
261
100
262
100
262
100
262
100
261
101
261
101
261
101
261
101
261
101
261
101
261
101
261
101
261
100
262
100
261
101
262
100
262
100
262
100
261
101
261
101
261
101
261
101
332
359
351
361
292
101
326
356
359
356
348
351
356
354
362
291
102
325
359
292
101
328
359
362
291
102
331
362
362
356
291
102
328
291
102
260
102
260
102
260
101
261
101
261
101
261
100
262
100
261
101
261
101
261
101
261
101
261
101
261
101
261
101
261
101
261
101
329
353
362
291
102
325
362
362
359
359
359
362
354
291
102
260
102
260
101
261
101
323
359
362
359
356
357
350
360
356
356
360
347
351
348
351
356
354
353
345
354
353
354
351
347
351
348
345
345
351
348
348
347
348
351
348
348
348
348
342
334
337
342
345
345
345
345
328
340
337
336
342
332
333
332
336
345
343
345
336
348
345
351
354
353
356
351
356
360
356
353
357
356
348
348
353
354
362
362
362
361
362
357
359
362
359
356
362
356
360
359
362
291
102
260
102
260
101
261
101
261
101
260
102
260
102
260
101
261
101
261
101
261
101
261
101
261
101
261
100
262
101
261
100
262
100
261
101
261
101
261
101
261
101
261
101
261
101
261
101
329
356
362
362
356
362
291
102
260
102
322
357
356
359
359
351
354
356
356
359
362
362
356
354
359
362
353
360
353
356
354
353
357
348
345
350
354
356
348
357
350
348
354
356
348
353
354
356
354
353
351
353
348
348
342
343
345
345
348
345
342
353
351
342
351
354
353
356
351
342
348
354
350
351
345
345
337
342
343
345
336
329
308
331
337
334
339
337
337
342
342
334
342
332
330
340
345
342
348
342
348
351
339
351
348
351
351
353
356
354
356
348
348
348
351
350
351
353
348
351
342
348
348
354
353
348
345
348
351
345
350
351
354
353
345
354
351
356
353
348
351
351
350
351
353
343
356
337
345
348
336
340
348
339
345
348
348
351
351
345
350
354
353
354
351
339
348
345
348
351
350
351
345
345
348
348
348
351
347
354
348
348
350
348
351
351
353
351
356
340
345
351
339
342
343
342
348
350
351
345
348
354
350
351
351
356
354
353
351
345
351
353
354
353
362
359
359
357
353
348
348
351
359
353
354
350
348
354
348
356
348
345
353
354
351
351
353
342
348
345
345
345
348
340
342
337
334
334
336
334
334
337
337
333
334
337
336
340
342
348
342
348
345
345
351
345
345
348
345
351
351
342
353
351
351
351
356
359
354
359
359
359
351
359
359
362
359
291
102
260
102
259
101
327
359
359
362
356
357
353
354
356
354
345
353
348
354
347
343
348
347
343
348
350
337
340
342
342
345
334
334
337
342
334
339
340
334
339
337
331
340
342
339
337
348
339
348
351
345
348
334
336
688
342
339
343
339
343
347
340
339
340
339
343
336
337
342
340
336
690
345
696
345
691
339
693
340
690
345
698
348
354
351
345
353
354
348
345
348
353
356
354
351
359
351
347
345
351
345
348
351
342
348
348
348
342
342
337
345
342
346
342
342
343
347
348
348
348
348
342
348
354
345
348
347
351
348
342
351
351
350
348
348
348
345
354
348
348
342
345
351
350
351
345
348
351
348
350
348
351
345
348
345
348
353
351
351
348
350
354
348
347
348
354
353
348
351
356
354
345
353
348
348
348
345
345
351
356
353
351
351
351
342
353
345
351
348
348
348
342
342
348
345
345
348
351
348
339
345
348
348
348
345
348
351
350
345
348
348
354
339
345
345
351
351
347
351
351
348
353
354
342
348
348
348
345
350
348
351
345
354
345
351
353
348
350
351
345
337
337
336
343
342
342
343
347
345
343
316
323
345
351
345
348
339
342
348
340
342
345
337
345
348
348
348
351
353
348
351
356
350
354
359
356
291
103
330
356
360
291
102
260
101
261
101
260
102
260
102
260
101
261
101
261
101
261
101
261
101
261
100
262
100
262
100
262
100
261
101
261
101
261
101
261
101
261
101
261
101
261
100
262
100
262
100
262
100
262
100
261
101
261
101
261
101
261
100
262
101
261
100
262
100
262
100
262
100
262
100
262
100
261
101
261
101
261
101
261
100
262
100
262
100
262
100
262
100
262
100
262
100
261
101
261
101
261
101
261
101
261
101
261
101
261
100
262
100
262
100
262
100
262
100
261
101
261
101
261
101
261
101
261
101
261
101
261
101
261
101
261
100
262
100
262
100
261
101
261
101
261
101
261
101
261
101
261
101
261
100
262
100
262
100
262
100
262
100
261
101
261
101
261
101
261
101
261
101
261
101
261
100
262
100
262
100
262
100
262
100
262
100
318
342
348
348
351
350
354
348
353
354
356
359
354
356
353
357
359
356
360
359
361
362
291
102
260
102
260
102
260
102
260
101
261
101
261
101
261
101
261
101
261
100
262
100
261
101
261
101
261
101
261
101
261
101
261
101
261
101
261
101
261
100
262
100
262
100
262
100
261
101
261
101
261
101
261
101
261
98
264
101
261
100
262
100
310
283
315
347
345
343
325
331
331
320
309
328
331
331
331
331
328
334
326
336
331
323
320
362
348
342
342
342
343
336
334
334
337
334
336
334
337
334
334
328
331
337
333
337
334
334
334
342
345
342
317
354
695
349
345
342
339
326
339
340
339
325
334
337
334
325
334
337
328
331
298
336
348
345
337
342
339
337
334
337
331
331
339
337
340
344
337
345
351
345
345
356
351
356
360
356
350
357
356
354
353
351
353
357
361
357
359
356
357
353
348
356
348
345
348
334
342
345
331
342
334
345
337
331
339
340
331
334
342
345
342
348
354
348
353
359
354
359
291
102
328
291
102
260
102
260
101
261
101
261
101
261
101
260
101
261
101
261
101
261
101
261
101
261
101
261
100
262
100
262
100
262
100
262
100
261
101
261
101
261
101
261
101
261
101
261
100
262
100
262
100
262
100
262
100
262
100
261
101
261
101
261
101
261
101
261
101
261
101
261
100
262
100
262
100
262
100
262
100
261
101
261
101
261
101
261
101
261
100
262
100
262
100
262
100
262
100
262
100
262
100
261
101
261
101
261
101
261
101
261
100
262
100
262
100
262
99
263
100
262
100
262
100
318
351
362
291
101
261
101
261
101
261
101
261
100
262
100
261
101
261
101
261
101
261
101
261
100
262
100
262
100
262
100
262
100
262
100
261
101
261
101
261
101
261
101
261
101
261
101
332
291
100
262
100
262
100
262
100
261
101
261
100
305
291
101
261
101
261
100
262
100
262
100
262
100
262
100
261
101
261
101
261
101
261
101
326
343
356
353
334
317
340
291
101
329
361
292
101
261
101
260
102
260
101
261
100
262
100
262
101
332
353
356
354
362
291
102
260
101
261
101
261
101
261
101
261
100
261
101
261
101
261
101
261
100
262
101
261
100
262
100
262
100
262
100
262
100
262
100
261
101
261
101
261
101
261
101
261
100
262
100
262
100
262
100
262
100
262
100
261
101
261
101
261
101
261
101
261
101
261
101
261
100
262
100
262
100
262
100
262
100
261
100
262
101
261
100
262
101
261
101
261
100
262
100
262
100
262
100
262
100
261
101
261
101
261
101
261
101
261
100
262
100
262
100
262
100
262
100
262
100
262
100
261
100
262
101
261
101
261
100
262
100
262
101
261
100
262
100
262
100
262
100
262
100
261
100
262
101
261
100
262
101
261
100
262
100
262
101
261
100
262
100
262
100
261
101
261
101
261
101
329
345
351
353
362
357
291
100
262
101
261
101
261
101
260
101
261
101
261
101
261
101
261
101
261
101
261
101
261
101
261
100
262
100
262
100
261
101
261
101
261
101
261
101
261
101
261
100
262
100
262
100
262
100
262
100
262
100
261
100
262
100
262
100
262
100
262
100
262
100
262
100
262
100
262
100
261
100
262
101
261
100
262
100
262
101
261
100
262
100
262
100
262
100
324
351
353
326
291
101
306
345
291
101
261
101
261
101
261
101
261
101
261
101
320
351
345
342
343
345
342
342
351
339
320
351
359
356
351
291
351
101
261
101
261
101
260
101
261
101
261
101
261
101
261
101
261
101
261
100
262
100
262
100
315
346
350
345
342
348
343
336
343
336
328
343
328
342
340
339
340
342
331
348
356
337
348
353
334
334
339
348
291
102
331
345
356
360
353
362
291
102
260
102
260
101
261
101
261
101
261
101
261
100
261
101
261
101
261
101
261
101
261
101
261
100
262
100
262
100
262
100
262
100
261
101
261
101
315
303
291
101
261
101
261
101
261
101
261
101
264
289
328
309
291
101
261
101
304
291
101
261
101
261
101
261
100
262
100
261
101
261
101
261
101
261
101
304
300
325
345
320
291
102
260
102
260
101
261
101
323
292
101
260
101
261
101
261
101
261
101
261
101
261
101
261
101
261
101
261
100
262
100
261
101
261
101
261
101
261
101
261
101
261
101
261
100
262
100
262
100
262
100
262
100
261
101
261
101
261
101
261
101
261
101
261
101
261
100
262
100
262
100
262
100
262
100
261
101
261
101
261
101
261
101
261
101
261
100
262
100
262
100
262
100
262
100
261
101
261
101
261
101
261
101
261
100
262
101
261
100
262
100
262
100
262
100
262
100
261
101
261
101
261
101
261
101
261
100
262
100
262
100
262
100
262
100
262
100
261
101
261
101
261
101
261
101
261
101
261
100
262
100
262
100
262
100
262
100
262
100
261
101
261
101
261
101
261
101
261
101
261
100
262
100
262
100
262
100
262
100
262
100
261
101
261
101
261
101
261
101
261
101
261
100
262
100
262
100
262
100
262
100
262
100
261
101
261
101
261
101
261
100
262
100
262
100
262
100
262
100
262
100
332
317
331
348
354
350
348
345
354
359
353
360
361
357
362
291
102
260
101
261
101
261
101
261
100
261
101
261
101
261
101
261
101
261
100
330
362
356
359
291
102
260
102
260
101
261
101
329
345
362
359
359
356
354
356
356
354
348
291
102
260
102
331
361
292
101
261
101
260
101
327
291
101
326
291
102
330
357
356
362
291
102
322
292
101
261
101
311
351
345
351
342
345
348
334
351
359
362
291
102
330
362
362
348
362
359
356
292
102
328
291
101
261
101
260
102
260
102
260
101
261
101
261
101
261
101
261
101
261
100
262
100
262
100
262
99
262
101
261
101
261
101
261
101
261
100
262
100
262
100
262
100
262
100
262
100
261
101
261
101
261
101
261
101
261
100
262
101
261
100
262
100
262
100
262
100
262
100
261
101
261
101
261
101
261
101
261
101
261
100
262
100
262
100
262
100
262
100
262
100
262
100
326
351
351
353
354
351
356
348
353
359
351
356
362
312
353
291
102
331
356
345
345
345
343
336
343
342
323
336
340
334
339
345
340
336
342
348
351
356
354
348
353
354
350
354
353
360
345
353
356
354
359
359
348
353
348
354
345
348
348
348
342
336
