-8
208
96
91
159
328
289
286
288
286
286
286
286
283
283
288
287
287
286
286
288
287
286
286
286
288
283
285
284
283
286
285
285
285
287
283
283
283
285
211
354
294
288
287
283
287
284
286
284
287
286
284
287
288
286
288
288
289
217
357
309
170
377
313
306
300
295
296
302
302
300
299
177
388
319
308
302
299
301
298
300
301
299
166
391
324
316
313
315
312
313
309
312
310
312
313
311
174
394
328
312
306
305
300
298
298
180
383
311
302
300
94
94
107
98
86
117
95
167
308
303
299
299
297
299
295
299
297
298
301
296
297
294
296
296
297
297
295
295
295
294
296
293
295
296
298
297
295
294
292
296
296
296
203
381
308
303
299
297
297
293
295
300
299
197
381
246
363
308
300
299
177
379
238
369
308
299
300
166
380
181
392
178
381
316
232
78
303
300
302
303
306
303
301
302
302
296
302
301
299
162
343
395
309
299
294
214
361
300
290
288
205
363
302
292
286
253
326
298
296
297
178
383
192
385
317
302
280
322
297
294
284
167
388
189
373
308
295
295
294
290
290
291
292
168
380
182
367
314
304
301
302
300
299
300
301
301
302
299
299
166
387
315
303
303
301
298
299
301
298
300
127
170
293
294
293
184
378
180
381
313
297
299
274
319
295
297
296
294
292
288
295
293
167
379
180
385
311
299
296
293
294
295
292
293
292
294
296
296
292
295
297
298
296
295
188
385
222
372
189
298
103
113
172
90
212
297
76
111
108
294
294
84
74
123
90
196
194
90
288
309
301
296
179
410
298
295
292
295
297
298
298
168
132
296
295
301
183
276
110
315
307
304
176
384
314
306
301
304
302
299
302
297
300
297
300
173
127
298
297
286
310
239
103
85
168
300
297
297
277
122
204
298
302
301
300
298
297
300
296
298
300
298
300
298
297
295
297
304
300
301
299
297
299
298
297
298
96
125
75
294
298
299
189
108
298
285
309
298
300
297
295
294
298
300
301
297
294
299
300
298
70
230
295
297
299
301
303
301
299
298
302
307
306
305
303
303
303
302
301
298
304
243
356
305
301
137
160
297
293
295
293
292
292
295
292
226
298
97
269
235
353
302
178
380
318
305
303
302
303
303
294
311
97
94
112
305
306
302
304
305
212
381
307
304
303
304
304
304
172
384
237
377
308
303
305
301
301
202
103
275
313
240
103
262
303
302
304
180
389
318
259
354
306
176
388
322
309
306
305
304
302
300
224
368
308
305
302
302
298
301
208
385
313
308
305
307
304
235
364
308
303
303
269
335
303
304
302
194
163
78
150
318
308
309
172
430
306
301
296
298
295
298
186
380
310
300
304
299
299
300
298
294
294
297
297
170
384
202
137
470
323
305
303
299
181
383
278
346
306
305
300
181
382
263
351
303
302
302
233
361
303
302
305
254
350
305
304
306
279
330
304
302
302
301
303
302
175
386
174
390
174
382
319
313
304
307
306
305
304
306
165
385
327
308
307
307
306
303
303
303
167
383
177
384
321
307
305
305
301
300
297
298
175
383
180
381
316
310
302
303
304
306
304
300
305
304
304
305
168
384
178
390
324
312
307
304
303
302
164
383
204
384
312
305
303
300
300
299
298
298
169
383
176
383
315
309
306
303
305
303
302
306
174
384
195
386
317
312
307
305
303
304
299
296
201
377
308
302
301
301
300
302
302
298
297
298
301
306
307
303
301
303
302
307
305
302
301
299
303
307
301
302
298
302
304
304
301
300
281
321
303
198
104
301
297
298
297
299
296
295
299
298
301
302
300
300
300
303
299
301
143
441
301
296
296
194
376
315
302
303
301
297
296
299
296
301
300
297
297
297
301
303
305
237
366
307
199
389
313
306
303
302
301
298
298
298
300
297
297
298
302
303
222
375
309
304
305
307
305
303
198
382
319
198
386
322
309
308
257
351
305
305
302
299
305
308
302
304
291
314
302
297
178
388
315
307
302
216
371
307
305
302
304
303
298
193
384
316
312
304
307
304
304
302
156
432
307
296
296
209
372
315
301
302
298
297
296
294
296
300
303
306
184
388
212
389
317
308
309
307
303
302
190
384
315
310
306
304
304
305
191
382
218
382
194
390
180
388
320
312
303
304
304
304
304
304
301
303
176
386
175
253
383
325
323
312
308
305
306
198
387
228
379
267
352
307
302
304
189
383
212
384
314
305
302
148
151
298
191
385
197
387
317
308
307
304
305
303
309
305
308
306
306
304
204
386
228
384
248
369
308
305
304
181
385
213
386
261
358
307
305
307
248
362
309
308
305
258
348
308
79
227
301
263
343
302
304
302
137
145
98
220
302
195
385
317
310
311
306
207
386
316
310
310
309
310
310
306
305
305
301
303
302
295
298
300
301
303
301
296
297
297
300
302
300
300
297
300
229
106
265
298
297
295
298
298
300
301
298
299
299
299
301
299
297
299
300
299
300
296
296
300
300
299
299
296
297
296
298
299
299
297
294
297
300
303
303
299
296
297
300
303
303
304
188
388
315
177
390
318
309
306
306
302
304
299
302
296
211
377
309
300
295
306
100
92
110
160
141
125
102
91
99
101
95
67
201
173
128
94
203
287
91
77
404
218
346
299
292
288
172
383
206
86
98
83
95
95
85
97
91
87
83
102
271
304
204
103
288
144
106
91
250
295
297
298
292
292
299
290
157
382
311
300
295
295
289
292
292
291
157
381
168
378
303
297
289
289
290
290
292
291
293
291
292
292
291
296
290
293
163
383
171
390
314
305
301
299
295
298
297
298
296
297
186
378
213
381
173
374
309
304
294
289
290
288
287
287
165
369
197
376
313
311
310
309
306
307
303
305
303
242
97
145
390
182
380
327
316
308
305
303
301
299
296
168
382
183
378
309
299
262
329
296
293
294
169
380
202
378
314
306
303
303
302
178
384
181
387
317
308
302
302
296
297
169
377
179
384
309
97
206
299
296
294
199
368
310
300
302
297
194
379
312
302
300
301
303
301
193
382
312
305
302
301
300
301
299
299
299
300
298
299
299
301
300
297
299
299
300
296
296
295
301
301
300
300
296
299
304
298
299
298
296
296
297
297
297
297
296
294
297
298
298
299
298
295
300
300
223
367
302
302
301
187
379
309
300
301
234
97
157
375
305
300
296
295
190
377
308
303
296
296
292
295
262
329
299
298
297
297
301
303
189
383
317
304
305
304
177
387
315
306
302
197
381
309
253
96
247
222
366
306
298
295
200
379
308
302
300
221
374
309
302
303
301
300
301
303
302
304
171
428
301
304
301
301
299
297
296
292
295
299
298
292
296
296
296
296
296
294
299
300
296
296
298
297
296
299
299
303
302
304
301
301
300
300
299
299
298
297
300
298
296
294
297
296
297
296
292
294
300
299
297
225
364
305
228
366
301
300
296
297
297
301
213
379
309
303
301
297
296
206
367
310
303
297
294
294
300
300
298
295
185
382
312
302
298
297
297
295
294
297
298
298
294
207
370
310
299
296
294
294
289
292
294
298
296
298
299
299
166
382
177
385
319
311
306
306
304
303
301
298
302
302
302
301
303
302
304
302
302
300
301
299
297
299
298
295
294
295
294
292
288
291
291
292
291
226
263
382
210
378
182
384
317
304
302
307
305
310
308
310
305
312
309
306
309
308
304
303
307
303
303
302
298
299
301
300
297
296
167
383
198
386
317
304
188
382
200
380
175
375
313
304
299
297
299
296
297
295
173
380
177
376
314
309
303
302
302
298
298
298
298
306
300
300
299
296
300
303
302
304
301
301
300
304
305
299
299
296
299
298
297
299
298
297
304
301
302
300
298
299
301
298
300
302
300
299
302
302
303
303
304
303
303
308
307
305
307
141
451
310
305
300
297
299
302
301
299
295
294
297
299
298
297
298
299
298
298
300
294
292
302
300
301
300
295
295
294
297
294
293
292
296
301
299
297
300
295
298
300
203
385
313
177
395
319
309
306
303
303
302
302
222
373
304
303
302
301
297
297
293
192
381
311
304
303
234
367
309
303
302
195
386
233
380
312
308
310
172
392
238
384
312
307
307
244
361
304
302
302
211
379
309
302
302
276
330
303
301
304
301
302
301
302
299
307
305
308
307
305
303
304
308
304
305
303
302
167
391
177
105
107
93
96
180
138
309
296
200
377
307
300
295
291
289
289
288
289
292
291
296
295
303
302
300
300
297
304
299
300
309
302
298
300
301
298
298
297
295
296
299
298
295
296
298
300
201
382
311
303
301
301
300
296
297
293
296
176
380
175
375
316
309
302
294
294
297
166
377
314
287
329
305
302
305
307
305
305
304
164
393
231
387
299
325
302
300
298
296
296
292
290
293
295
294
291
293
296
294
297
295
294
296
299
298
298
296
300
295
297
298
298
297
296
298
302
300
303
299
299
298
300
300
297
301
299
295
298
302
303
300
301
298
302
301
298
298
297
294
298
299
300
298
296
300
298
301
298
297
299
303
298
297
296
296
251
340
301
297
298
295
297
301
303
172
421
300
295
297
245
347
301
295
293
297
295
297
297
299
300
200
380
308
305
305
304
302
302
168
386
249
379
310
305
304
174
389
307
325
309
305
304
174
381
225
382
228
387
258
363
307
304
303
169
387
179
384
106
211
313
215
168
214
309
302
302
295
298
300
302
304
300
299
303
301
178
383
176
385
325
315
311
305
308
307
304
306
303
303
171
384
176
378
322
313
305
303
301
301
303
301
297
296
297
302
302
301
302
302
302
303
303
303
197
385
189
391
323
312
312
304
305
304
303
306
305
304
262
337
302
299
299
216
370
306
302
303
304
303
302
303
309
306
308
307
307
308
306
304
306
305
305
305
303
302
300
298
300
298
296
299
300
301
301
296
299
304
305
304
303
307
304
306
305
308
304
305
307
304
305
305
301
302
298
303
303
300
235
359
309
303
305
303
302
306
303
305
304
304
305
308
305
303
305
302
304
304
304
306
304
302
305
305
304
195
385
319
309
311
310
308
309
307
307
305
299
311
303
301
303
302
304
300
171
383
320
191
379
313
311
308
305
305
306
306
304
305
307
306
305
305
185
392
203
384
321
313
306
309
307
170
380
184
388
322
316
307
306
305
306
309
310
308
308
308
308
308
308
308
307
304
308
305
303
305
304
300
174
381
199
383
316
312
311
309
307
307
306
306
307
305
305
303
305
304
303
302
304
304
305
170
380
176
384
327
319
313
310
308
308
308
308
308
309
308
309
305
218
88
305
303
304
303
299
306
304
304
303
302
177
385
190
387
318
308
305
307
305
306
301
306
308
305
174
383
176
385
321
315
314
146
456
311
307
304
303
300
301
264
341
305
301
304
189
391
316
309
312
169
82
363
310
311
311
309
309
307
179
390
326
273
347
311
183
390
322
313
312
309
305
307
306
185
384
318
309
311
307
306
306
308
310
305
307
306
307
308
307
307
305
304
304
308
300
302
300
299
295
173
416
304
300
295
180
380
314
310
303
304
304
305
303
303
303
303
301
305
299
299
305
303
304
305
303
303
305
305
310
307
303
302
304
307
306
301
302
225
379
311
180
390
323
314
308
307
308
312
248
369
311
173
432
175
383
316
310
302
301
305
302
301
303
305
304
308
170
381
211
385
192
387
321
318
321
313
312
309
310
307
306
304
303
301
298
172
379
218
380
314
312
310
305
304
306
304
305
306
307
307
309
310
307
182
384
325
318
187
387
329
321
318
313
309
309
308
309
307
308
306
306
304
306
309
308
305
309
308
308
175
430
309
307
303
302
171
382
177
384
321
315
217
379
319
316
313
310
309
308
310
311
311
311
171
387
321
321
315
314
313
312
310
309
310
307
170
384
324
315
310
308
308
307
306
307
170
384
178
389
321
312
311
308
309
309
185
389
329
317
312
310
310
307
310
309
168
384
179
389
328
314
310
310
311
310
309
312
308
313
310
309
310
309
168
387
215
385
320
316
309
313
307
306
304
305
175
384
233
382
227
383
264
356
309
305
308
193
387
301
329
312
307
305
214
385
307
303
301
302
302
303
207
382
308
307
303
306
304
303
306
305
303
305
305
301
304
301
304
204
384
312
305
306
304
304
304
303
304
306
235
97
85
98
71
104
74
115
213
105
110
92
83
102
85
97
89
93
91
142
94
341
298
96
88
94
83
99
91
83
99
79
66
117
112
81
100
178
296
207
369
298
298
297
208
377
300
299
295
206
375
301
298
296
289
97
73
109
93
89
91
93
89
93
91
108
73
114
69
113
79
103
91
84
96
93
78
337
264
329
299
301
301
302
302
300
181
389
315
173
387
316
308
307
306
304
304
302
306
305
306
303
304
303
308
305
306
305
303
305
304
309
305
305
305
303
307
307
307
306
305
305
306
306
306
303
306
304
306
303
304
304
304
305
304
301
300
299
302
301
300
302
300
303
302
301
300
299
306
303
302
301
302
300
303
300
299
298
295
300
305
299
303
300
305
305
302
303
192
384
322
185
383
320
313
308
308
311
308
308
308
308
308
307
312
310
181
390
323
312
313
309
308
308
306
303
309
197
381
315
307
304
306
308
308
307
309
306
196
168
220
318
274
142
200
187
383
274
355
309
307
304
307
307
304
91
215
305
303
303
306
173
380
188
386
243
76
312
305
303
303
304
306
305
304
305
304
305
309
306
307
307
306
305
306
306
304
303
152
152
303
304
301
301
300
301
301
299
299
297
303
302
296
301
301
302
301
301
298
88
87
108
347
296
132
89
106
302
310
301
298
288
294
288
292
283
288
291
290
287
287
162
377
175
383
306
296
118
97
83
99
88
92
96
91
91
90
78
98
98
89
91
97
87
89
97
91
168
293
292
296
291
291
294
174
375
315
303
297
297
296
296
296
299
302
166
378
320
309
308
306
305
306
303
304
307
303
306
305
303
310
180
383
185
387
318
318
311
308
305
305
310
311
307
309
168
385
175
390
324
316
310
313
312
309
307
305
307
310
305
306
303
306
181
382
193
382
313
308
308
301
304
303
303
304
305
304
302
304
192
378
213
384
193
209
92
90
92
91
91
91
87
75
94
108
91
87
109
93
85
97
100
92
100
82
122
94
90
108
92
91
91
90
83
83
107
93
158
201
385
318
311
312
311
308
309
310
309
312
311
310
311
310
306
311
311
309
309
306
306
177
389
177
389
327
326
316
315
312
312
309
310
205
392
201
392
323
313
310
309
175
387
177
386
325
320
310
307
306
310
309
307
168
162
222
179
390
324
315
314
311
304
308
309
306
174
384
177
389
321
312
310
304
303
308
168
381
184
386
318
319
315
311
309
308
309
308
309
308
308
306
309
308
182
285
100
175
321
103
96
189
315
314
313
303
313
305
309
169
378
180
382
317
312
308
303
312
309
308
131
175
303
308
168
375
205
379
313
311
313
157
154
311
311
307
311
87
223
310
170
237
148
109
208
316
316
314
310
170
437
311
124
179
304
301
176
384
270
350
308
305
303
283
319
303
196
233
139
310
308
305
301
127
179
299
299
294
297
307
307
308
310
309
306
312
307
306
307
306
306
306
307
306
306
303
305
306
304
304
306
303
306
306
305
308
305
305
310
308
307
308
310
310
309
311
313
313
309
307
282
328
302
302
298
302
293
255
97
249
301
302
298
191
105
300
296
293
298
262
337
305
302
303
125
181
306
264
351
308
192
386
318
319
313
311
311
309
170
388
324
313
308
309
307
308
308
306
309
308
304
303
303
301
297
306
262
208
356
92
279
297
297
182
377
316
306
303
295
306
292
255
96
91
151
290
217
88
92
87
94
95
91
86
96
91
91
87
75
111
85
93
94
92
91
91
65
113
77
109
89
101
115
100
91
74
108
276
573
297
295
293
104
195
284
1245
92
