992
122
195
244
85
309
333
311
326
326
325
326
327
321
322
331
331
330
327
331
322
330
331
332
331
332
326
322
328
329
331
325
323
324
328
327
272
353
329
325
328
324
320
252
144
224
330
323
322
319
316
323
108
216
324
323
316
318
321
325
320
250
94
286
324
316
320
315
310
228
92
179
139
314
311
314
315
316
311
310
315
314
317
309
312
311
313
318
312
311
314
308
326
269
94
269
286
264
76
316
317
320
315
316
312
319
321
322
322
317
316
324
324
93
179
95
154
95
145
96
109
178
95
91
275
325
323
335
318
303
316
313
326
319
316
312
315
318
317
316
313
312
313
315
317
313
315
317
319
322
323
323
317
319
322
327
328
325
324
321
322
326
327
327
324
329
200
108
129
91
117
158
168
222
104
325
329
268
354
326
322
327
322
318
316
320
322
323
320
318
320
322
326
326
322
319
310
342
327
329
327
324
225
99
323
328
327
328
323
320
322
326
327
327
323
166
123
202
149
249
102
179
110
322
324
318
315
319
320
321
322
316
315
321
324
324
321
320
324
325
327
274
363
326
331
330
322
325
326
328
233
87
204
119
239
78
96
198
141
215
141
107
86
96
93
89
117
218
310
316
315
309
310
313
309
308
310
311
315
310
309
312
314
314
311
313
312
315
316
316
311
313
312
324
317
315
313
317
321
319
321
314
314
318
319
322
320
315
318
321
284
367
302
316
317
317
309
318
311
312
309
310
312
307
155
166
313
311
313
316
316
318
316
313
311
324
321
321
320
319
318
318
321
323
322
319
317
318
322
324
326
323
319
321
324
324
324
318
319
323
322
292
343
315
325
322
320
318
312
94
198
109
91
136
319
118
200
191
99
90
240
89
101
92
151
87
109
93
123
94
90
92
91
91
90
87
96
84
212
304
308
310
307
306
304
308
309
307
307
308
307
165
126
98
219
309
333
136
111
91
63
119
91
285
320
201
92
177
123
298
305
308
303
303
301
301
299
301
298
289
307
299
302
129
87
87
105
178
305
215
373
297
296
300
293
220
131
234
297
289
143
146
210
84
299
298
295
294
292
293
292
292
293
292
291
294
292
291
294
293
291
293
295
271
105
88
106
143
111
94
93
93
74
300
299
296
296
299
300
298
297
300
300
296
297
296
302
300
268
283
102
239
302
240
105
114
134
295
297
299
298
299
298
301
299
301
300
300
301
297
300
302
299
299
299
300
300
297
296
299
299
295
297
296
298
293
294
295
296
296
293
294
295
295
291
290
293
295
292
291
289
292
292
292
292
286
270
305
291
287
288
290
289
289
285
287
288
221
350
289
287
129
158
285
282
288
287
285
283
286
284
283
283
288
284
285
282
285
285
285
282
286
286
288
273
296
291
290
285
287
288
285
284
289
290
290
286
288
291
291
286
291
292
293
229
335
296
293
289
287
289
293
293
288
291
291
292
290
289
296
296
296
289
294
295
294
292
292
296
297
299
294
297
298
300
298
295
298
303
304
302
300
303
305
309
304
606
312
311
306
306
308
313
307
307
312
311
309
308
311
312
311
306
311
313
312
311
312
312
316
300
319
315
310
312
309
307
303
317
307
140
162
107
209
305
306
308
308
307
305
309
312
308
306
312
312
311
308
210
397
276
349
312
310
312
307
305
180
126
96
206
274
117
101
122
309
308
301
303
305
306
302
303
306
281
328
301
309
309
308
306
104
199
307
306
302
291
100
92
85
344
301
301
303
301
298
301
302
304
301
301
305
307
306
306
306
310
312
311
307
309
313
306
316
310
307
312
313
311
311
309
302
309
306
309
146
165
305
304
304
307
306
303
303
307
307
306
303
306
309
305
311
291
320
309
230
75
118
188
306
302
301
304
308
303
299
301
301
297
300
302
304
304
303
301
305
310
309
309
305
308
311
313
312
306
311
310
315
313
309
309
312
314
315
309
310
312
312
312
309
185
439
244
351
314
310
303
303
303
300
301
304
306
305
302
304
306
308
309
307
307
309
312
313
313
258
343
320
304
322
310
309
313
311
309
304
309
310
308
304
308
307
299
240
95
91
88
98
86
99
114
98
125
86
306
305
299
302
304
305
307
304
301
303
308
309
307
302
302
166
135
313
302
305
298
302
304
304
305
303
303
305
307
308
303
304
306
306
301
303
304
306
303
303
304
308
305
306
308
301
128
93
95
304
306
310
310
308
306
309
313
311
308
309
310
312
309
307
310
311
309
307
308
309
311
306
308
307
310
307
303
306
306
303
302
297
100
174
162
93
83
300
302
304
297
297
301
301
303
301
301
197
406
262
339
308
291
316
307
308
307
308
247
342
313
313
308
305
304
308
309
305
305
304
310
186
122
311
303
303
305
112
196
308
303
300
311
308
306
304
303
311
310
310
305
307
311
313
313
312
311
309
309
316
313
313
310
309
286
332
314
311
167
139
113
195
309
311
306
129
110
105
259
308
302
298
306
299
104
192
303
299
300
295
297
300
300
300
298
297
302
301
306
302
217
359
315
311
275
333
304
305
308
309
309
305
306
310
309
312
309
307
304
310
309
300
304
306
98
68
114
326
303
303
299
299
303
303
304
300
301
304
306
304
302
301
307
305
307
303
302
306
308
307
307
303
304
307
309
304
311
305
305
302
312
306
309
305
303
303
308
306
306
304
302
306
305
303
233
67
301
306
296
124
181
301
286
298
99
91
80
106
221
307
295
292
293
296
296
297
293
295
299
292
306
244
342
298
299
257
334
300
299
297
296
303
123
80
95
298
296
301
295
295
260
325
95
96
111
291
289
116
93
91
295
299
280
119
89
93
84
95
86
321
297
291
290
288
272
296
289
285
283
284
282
283
283
284
283
286
283
277
276
273
274
274
272
272
272
272
272
269
270
272
270
123
93
87
110
130
272
269
271
272
273
271
271
271
274
275
272
273
273
277
278
277
262
239
244
318
303
287
281
283
284
283
280
284
285
286
288
283
287
285
288
287
285
286
287
291
293
288
289
289
291
292
289
289
292
295
297
292
293
294
298
300
296
296
297
298
298
296
296
296
300
295
296
294
298
295
294
294
296
297
291
294
295
289
301
291
296
295
293
292
294
297
291
299
293
295
297
297
290
295
299
299
296
296
297
300
297
296
297
302
301
300
297
303
303
296
307
298
303
253
92
262
302
301
304
304
300
302
301
305
304
299
300
301
305
309
304
300
304
302
308
303
302
307
306
303
302
303
308
307
301
303
304
309
309
303
304
306
309
305
305
308
307
306
302
307
309
305
302
306
307
309
309
307
306
305
308
308
303
304
311
311
311
307
308
315
315
316
311
309
314
319
318
317
312
327
304
315
306
317
309
308
306
308
311
309
304
307
310
313
312
307
304
309
220
418
315
306
317
312
305
303
305
307
311
107
196
306
307
303
283
284
321
309
297
303
305
304
304
297
209
391
308
304
298
305
308
309
307
304
275
261
344
321
310
306
306
312
307
305
309
315
311
311
307
307
310
311
311
312
306
304
307
311
309
302
303
307
311
309
307
295
306
303
313
309
307
302
302
308
311
309
306
304
304
313
311
306
306
309
310
309
305
302
305
311
313
305
302
305
311
308
304
287
309
305
305
302
295
299
299
301
302
302
293
296
297
300
298
298
291
296
123
173
299
296
291
293
297
298
293
292
298
300
300
302
296
297
300
304
306
304
302
299
298
305
305
307
305
300
300
311
312
301
303
306
314
312
307
305
310
316
314
310
306
310
314
315
310
307
307
314
316
206
100
304
271
343
311
306
302
302
309
305
299
298
225
371
304
302
296
219
111
267
301
298
295
293
299
300
301
300
294
296
301
302
306
302
300
296
306
314
304
300
299
306
308
305
302
299
306
308
307
304
304
299
311
308
307
299
300
305
308
307
305
301
300
271
333
298
318
303
300
297
296
303
295
309
302
295
297
295
304
301
298
297
296
302
304
306
298
299
302
309
306
308
302
301
307
311
313
310
308
304
308
309
308
307
257
305
91
262
311
309
309
300
305
305
310
309
311
305
302
304
312
313
312
305
304
311
312
310
306
301
310
310
310
303
304
308
313
308
302
303
309
307
307
299
298
307
303
303
315
280
297
301
299
302
295
296
297
305
305
305
302
303
309
314
314
315
312
310
311
312
311
312
306
227
377
313
313
306
301
301
319
314
310
301
306
315
312
308
299
297
317
309
308
303
299
307
311
309
310
307
303
304
311
312
311
304
306
313
316
311
308
310
317
315
308
186
119
308
313
314
308
302
301
103
202
304
304
304
298
296
300
306
305
302
297
303
308
310
311
311
305
304
312
315
315
310
298
309
309
305
317
304
297
288
317
307
300
296
302
302
305
298
133
164
296
298
299
297
291
84
203
309
300
299
297
296
294
304
304
303
297
298
302
308
303
300
297
302
303
304
306
301
294
301
303
309
304
300
299
310
310
304
299
306
311
308
304
302
304
306
306
302
296
303
302
307
306
300
296
305
305
307
306
299
298
305
306
309
303
297
285
315
306
303
297
295
300
303
301
297
294
300
303
302
303
301
292
304
302
296
319
284
292
300
301
302
295
294
299
301
302
304
297
297
299
305
304
307
304
299
306
308
305
302
300
298
307
308
309
306
300
302
308
306
308
300
298
301
306
305
307
302
299
305
307
308
303
146
152
298
304
297
311
298
114
180
290
303
301
297
290
296
298
301
300
295
293
299
299
300
295
287
300
300
301
301
296
295
212
92
284
301
298
290
293
298
300
295
290
296
297
301
297
296
298
305
305
308
304
300
304
310
313
314
309
306
306
303
314
309
300
96
87
118
303
305
307
305
301
294
299
300
302
304
298
292
297
299
298
299
294
294
294
299
302
300
297
296
299
303
305
300
179
118
301
300
307
307
294
132
105
100
194
365
306
303
298
295
304
298
313
304
301
300
306
308
306
303
301
307
299
312
302
297
90
144
103
259
303
299
299
295
294
302
304
303
303
299
298
300
306
306
302
300
305
307
303
293
299
301
300
296
294
296
294
311
303
299
298
299
305
306
305
223
89
197
88
294
311
306
306
303
297
301
308
309
307
307
301
301
309
312
314
309
307
312
315
313
311
306
298
307
304
307
314
285
95
201
300
307
301
299
292
299
302
301
302
297
296
296
303
302
303
302
297
298
304
306
306
305
302
299
222
109
282
307
307
305
299
297
300
309
302
319
310
309
305
304
309
308
308
303
298
299
307
306
300
302
295
301
158
145
302
296
294
300
305
305
306
302
300
303
307
308
301
298
302
307
308
305
298
298
296
306
312
281
290
297
299
300
293
292
296
300
299
160
129
303
95
203
304
300
294
293
301
301
302
301
297
297
302
307
306
308
306
302
300
304
309
310
306
305
302
299
306
307
320
287
295
302
306
307
298
295
295
297
300
295
287
293
295
298
292
286
292
294
293
291
294
287
290
294
300
295
289
294
297
298
301
300
193
101
292
296
302
302
302
297
115
172
301
301
304
301
297
293
299
302
304
296
296
298
303
302
303
296
294
302
296
315
304
301
298
300
312
307
303
301
305
309
310
308
301
297
300
306
89
212
296
200
92
188
111
299
299
296
290
290
295
294
290
287
291
292
293
293
294
293
287
293
295
295
295
289
292
299
299
235
93
257
286
131
170
294
297
298
290
290
297
297
300
297
267
313
305
300
303
244
332
86
217
304
302
301
296
291
128
164
294
298
294
285
285
297
291
297
293
282
295
292
294
289
294
288
287
296
298
298
299
294
294
296
300
296
307
297
294
274
312
290
303
295
290
289
290
297
295
296
290
286
294
295
297
295
291
290
296
300
301
297
122
170
300
304
305
304
299
297
300
297
312
297
297
297
303
305
302
314
220
89
161
105
106
189
298
297
194
98
98
189
193
99
296
297
292
291
288
294
297
298
298
295
290
298
299
304
301
299
296
294
98
200
301
304
300
299
295
302
307
308
302
298
301
303
212
92
189
114
186
113
292
292
263
263
99
274
298
292
288
297
283
310
289
288
171
122
292
295
289
279
289
296
291
293
291
287
285
290
292
293
294
291
283
291
293
295
293
294
291
288
292
296
301
300
298
292
292
296
298
299
297
293
288
292
292
301
295
290
282
293
293
295
296
292
286
290
295
295
300
295
294
291
300
301
302
302
295
298
301
303
304
304
301
296
297
307
303
304
305
299
295
300
306
308
306
304
300
298
302
304
305
297
293
291
296
295
293
290
287
292
293
294
293
291
288
287
296
296
295
298
297
96
120
85
213
97
267
293
289
291
300
301
303
297
295
290
300
303
305
302
300
300
304
308
300
296
298
303
300
301
296
295
298
300
302
301
297
292
193
96
299
299
300
299
292
289
294
301
301
299
297
303
303
297
309
298
294
146
149
294
113
194
304
299
294
298
305
302
303
297
292
297
305
304
306
302
297
301
308
305
307
167
135
114
187
300
300
296
292
298
301
301
303
297
293
176
111
180
108
171
119
224
92
266
289
284
196
80
251
173
128
242
100
102
91
130
150
311
278
272
275
276
275
275
271
274
277
275
269
274
278
274
270
270
271
277
115
106
91
89
93
91
221
274
269
266
266
271
272
266
269
269
272
272
271
270
269
259
291
276
252
278
153
135
117
92
96
182
95
234
256
284
270
266
271
275
270
269
271
272
275
277
274
274
275
283
283
278
286
278
280
284
285
282
269
284
279
279
220
95
204
97
88
134
91
181
88
187
94
91
88
94
92
89
140
123
151
131
269
271
267
264
266
271
269
265
267
264
266
265
265
265
266
268
270
269
267
269
271
274
274
265
219
248
325
299
285
279
280
284
286
284
283
277
283
284
283
277
110
93
89
86
98
99
277
274
282
283
275
277
107
164
275
279
100
171
281
271
259
275
272
275
273
261
174
91
271
265
183
93
268
270
272
120
79
104
228
263
271
263
262
262
267
262
259
257
256
254
255
252
253
253
250
249
250
234
257
249
247
247
248
249
248
248
246
250
252
253
252
252
250
255
257
257
256
254
257
260
260
258
256
260
260
261
257
261
260
106
124
102
140
94
201
266
259
251
104
143
90
122
99
89
93
91
91
90
139
91
115
85
78
110
78
104
87
120
251
251
247
248
248
249
247
249
249
248
249
211
265
251
250
248
246
247
246
250
252
251
251
249
253
256
257
255
255
257
258
260
260
257
257
258
261
223
93
100
84
91
99
85
260
260
261
259
254
259
259
257
255
255
253
256
258
259
257
255
261
262
261
261
260
265
268
270
270
268
268
270
271
273
273
267
269
202
96
112
121
265
264
272
268
262
267
269
266
265
265
269
264
262
264
263
262
264
261
265
266
263
264
158
110
267
267
267
96
106
91
236
267
267
264
261
260
264
268
268
265
266
271
273
275
273
275
277
285
284
282
280
286
284
286
282
280
284
284
282
278
284
286
285
283
281
284
287
282
280
286
287
283
281
283
289
286
284
280
284
287
285
271
292
290
286
278
283
281
276
277
280
279
279
277
280
284
285
283
277
284
284
286
280
280
282
98
182
191
79
214
94
84
146
292
262
276
272
265
265
267
271
266
264
270
95
174
109
159
240
147
143
164
98
73
190
110
157
97
156
276
269
261
260
261
257
257
260
259
259
259
257
258
257
260
262
260
263
228
296
93
163
257
264
257
255
259
262
257
260
257
262
267
267
263
265
269
273
276
272
276
272
280
283
277
279
280
284
287
280
288
284
289
289
289
284
287
293
294
290
287
290
293
288
286
289
295
294
291
285
289
294
296
289
287
285
296
293
289
289
294
293
284
286
289
289
281
284
288
289
285
277
279
285
288
279
277
275
277
277
271
272
273
266
271
269
96
167
104
95
91
241
265
261
263
262
262
265
259
256
135
125
263
262
260
256
256
258
260
259
259
260
261
265
263
265
266
272
269
273
271
275
278
279
279
277
282
284
284
283
278
279
287
287
283
282
286
290
290
289
283
282
284
287
284
280
282
280
295
285
282
281
290
290
285
284
276
199
82
97
183
276
272
274
269
268
99
168
281
268
264
266
261
279
268
191
104
233
266
133
129
93
113
63
165
105
99
146
112
100
94
91
139
94
172
267
260
235
91
88
78
107
91
71
121
100
94
91
124
91
165
158
103
173
81
107
109
101
186
255
250
248
248
246
247
245
247
247
246
246
244
246
247
249
248
248
247
249
252
250
247
244
254
251
255
252
250
254
256
256
256
254
255
261
261
262
262
260
263
266
265
263
263
266
270
268
271
266
267
271
273
273
273
270
274
277
275
277
277
274
277
283
285
283
278
283
288
289
287
280
281
279
281
277
272
274
274
269
267
271
267
265
95
91
87
254
259
95
91
74
222
145
99
92
171
102
211
193
105
190
99
84
110
92
95
73
109
75
112
220
152
98
256
256
249
247
259
249
247
249
250
247
247
245
248
248
251
252
248
247
245
248
249
247
244
248
249
252
253
249
248
248
252
254
253
253
253
257
260
263
263
261
261
264
267
269
269
269
265
268
274
274
272
267
132
139
276
277
274
273
272
275
276
274
271
272
275
277
273
271
274
279
281
280
277
280
286
283
278
278
281
286
283
278
277
282
284
281
281
277
277
277
286
282
283
281
276
283
287
285
280
278
282
287
285
280
279
287
291
289
285
286
290
286
286
283
289
292
296
294
290
288
292
287
291
284
290
300
298
289
284
288
297
290
284
289
295
294
291
285
288
297
297
295
295
290
293
292
290
291
284
284
292
296
288
281
278
287
296
288
276
283
287
289
282
277
280
286
292
284
283
283
281
284
290
286
284
281
287
293
283
280
282
285
293
285
285
277
281
285
289
281
278
274
279
283
287
282
282
279
280
289
287
284
278
282
289
288
275
280
282
284
280
274
273
276
279
271
137
130
272
269
191
102
229
216
88
131
95
113
148
93
172
93
121
95
168
112
193
201
106
207
96
166
258
255
249
253
248
260
250
249
252
253
254
251
249
252
255
254
251
253
258
259
260
260
259
262
262
200
106
219
261
129
127
95
118
94
87
104
92
195
263
257
254
258
261
258
254
258
257
256
254
121
131
254
87
172
254
251
254
257
250
251
256
254
249
249
252
253
256
251
249
251
253
256
254
254
253
261
260
261
262
259
264
268
269
270
269
268
265
272
276
275
275
275
274
270
276
279
280
206
321
284
287
284
280
277
272
270
274
229
314
267
265
264
127
138
267
269
262
259
255
280
248
257
260
257
254
252
97
90
87
95
141
259
252
252
255
255
255
256
258
254
251
252
254
253
253
252
255
257
257
253
256
258
258
259
256
257
257
258
262
264
262
259
264
267
267
267
266
264
270
271
266
266
265
105
163
266
261
95
76
106
91
96
94
125
104
257
95
84
89
96
132
96
94
91
91
91
78
180
81
256
144
114
259
254
167
85
102
87
95
118
108
93
96
92
91
91
99
91
91
159
100
110
82
102
82
119
215
284
104
141
244
249
249
236
248
245
107
142
246
245
247
244
244
246
242
240
240
242
245
242
239
239
240
242
244
240
124
114
240
241
240
239
234
239
239
244
238
237
238
242
243
244
191
283
245
246
245
244
243
244
247
250
246
244
244
248
250
249
248
245
252
254
255
255
254
253
253
256
257
256
121
97
91
76
105
106
161
254
255
251
249
247
252
253
253
251
250
248
254
96
89
93
91
82
100
104
92
165
81
104
156
91
157
245
143
104
249
248
246
246
248
246
241
246
246
249
244
243
240
244
245
216
248
256
248
248
248
244
248
250
250
248
249
247
247
252
223
157
129
251
109
140
95
151
178
108
90
127
128
93
92
188
221
98
88
81
131
113
252
146
112
246
245
246
245
242
245
245
243
241
244
244
242
141
92
86
161
110
133
138
116
243
244
246
246
246
247
246
243
95
144
242
139
100
90
92
65
110
112
90
174
243
240
236
237
240
241
237
235
236
240
239
240
240
242
239
238
235
239
242
241
241
240
243
248
249
250
249
251
252
257
261
261
262
261
261
268
269
269
268
266
266
271
273
274
274
272
268
273
275
275
273
269
270
274
275
272
271
268
274
278
278
276
274
272
275
278
276
272
273
246
298
280
279
276
270
271
273
275
272
268
268
273
277
275
271
267
269
273
273
269
266
264
267
264
259
207
95
157
96
102
110
199
94
91
133
107
156
101
134
91
90
86
95
157
241
113
149
93
70
112
80
98
95
98
88
111
91
91
87
95
106
130
96
80
104
122
124
82
90
102
91
125
100
92
91
78
107
84
162
247
233
237
239
237
233
233
233
235
232
232
232
234
236
237
235
234
237
240
242
243
242
242
246
249
249
250
250
250
255
257
259
258
256
259
262
264
262
262
260
258
264
265
267
266
265
262
266
271
272
270
268
267
270
271
270
270
266
265
268
270
274
274
269
268
275
279
279
275
273
276
278
275
271
268
266
281
272
270
268
270
276
272
272
265
268
272
268
268
267
266
267
273
265
263
264
263
265
257
257
257
259
259
108
146
253
184
94
231
165
85
120
99
254
277
164
81
240
254
253
244
243
245
246
245
242
244
247
249
249
248
246
250
252
251
250
251
251
253
256
254
252
249
248
251
248
247
248
247
247
247
244
249
251
252
251
253
251
255
258
260
260
260
259
262
264
260
260
257
257
258
256
254
255
92
164
251
108
110
130
163
257
134
117
250
156
93
95
155
253
187
94
91
91
95
182
123
126
244
240
248
242
244
244
246
246
245
246
250
250
252
250
250
252
250
97
152
255
254
251
250
253
250
247
248
105
147
242
189
112
200
247
247
250
244
245
248
250
243
247
246
105
143
251
251
245
249
253
251
255
252
253
91
158
248
262
254
250
252
254
254
250
250
252
252
252
246
246
248
253
252
250
250
247
124
104
261
245
253
250
247
248
248
249
246
247
249
252
251
246
247
250
94
158
174
100
216
255
248
91
79
107
223
244
248
249
249
252
250
248
249
252
253
255
257
254
251
254
252
255
258
251
251
251
254
255
257
254
252
253
256
258
257
256
255
258
259
261
259
259
256
257
259
259
259
256
257
257
258
253
253
257
250
250
251
252
250
247
248
249
99
151
251
244
248
247
247
243
94
146
242
247
106
137
93
144
242
97
144
164
91
96
131
94
147
243
237
234
237
240
232
235
235
239
238
233
232
236
239
235
225
170
103
197
230
238
239
238
235
233
234
233
229
175
94
180
153
93
90
95
91
91
91
88
98
91
77
105
78
94
101
160
159
70
180
94
91
91
152
80
226
221
220
223
228
225
222
220
223
217
232
221
219
214
232
224
218
220
220
225
226
220
222
222
224
102
124
223
222
221
226
225
229
221
223
221
225
227
221
222
222
222
225
225
175
91
170
221
186
147
118
102
117
218
219
225
219
221
220
218
223
223
221
214
219
221
221
220
217
217
219
219
150
106
181
216
215
218
219
95
121
214
171
261
219
217
214
214
216
106
114
222
216
217
215
93
87
108
137
101
99
190
92
103
81
98
109
235
216
88
133
169
92
171
220
220
215
217
221
220
220
196
130
105
93
86
96
91
91
90
79
104
98
97
91
91
91
101
174
94
82
86
105
91
89
87
97
172
215
218
216
142
102
156
98
83
106
173
155
94
158
106
102
244
218
101
93
231
158
92
98
87
95
91
92
92
91
82
92
99
91
90
92
91
181
211
213
214
96
123
88
98
86
88
99
91
90
201
93
121
211
205
212
94
99
115
122
216
210
208
212
215
217
215
213
210
215
218
220
218
215
216
220
223
222
219
217
222
226
228
228
224
225
225
232
232
229
228
224
230
233
232
229
222
231
222
240
155
102
104
92
131
89
97
94
91
85
92
96
88
94
91
88
116
73
119
131
95
126
97
94
91
86
93
211
89
93
261
222
219
218
221
221
222
216
216
214
219
221
219
216
215
218
218
226
220
157
279
226
224
223
222
219
105
111
232
150
74
226
224
219
226
92
126
93
99
91
92
88
97
78
114
91
227
244
90
91
92
91
98
160
97
90
86
96
111
97
91
91
91
76
106
91
91
88
94
186
231
215
216
96
113
226
210
96
133
89
96
90
94
91
91
86
91
128
216
212
216
217
215
210
211
216
152
274
218
214
216
218
218
215
212
214
221
222
223
220
218
220
228
228
227
230
227
224
228
232
234
235
233
230
230
234
238
239
237
233
230
237
239
241
240
235
237
232
239
242
238
246
238
236
238
242
239
248
238
238
235
239
242
242
237
236
235
236
239
241
238
235
234
236
237
238
234
231
231
234
238
239
233
233
231
237
237
234
228
232
233
235
234
230
227
232
237
236
236
232
153
93
215
192
270
242
235
229
235
234
235
229
229
231
232
230
229
227
231
232
232
229
228
228
230
99
134
104
128
230
157
94
84
104
94
157
233
231
229
226
231
233
233
231
230
232
235
236
231
108
134
232
239
242
242
241
240
240
241
247
245
245
245
245
242
245
249
251
250
250
246
246
249
257
256
253
247
245
250
255
251
250
244
246
249
252
249
248
249
245
242
247
250
248
249
247
245
244
247
250
249
248
244
241
244
243
244
179
91
210
231
240
237
182
101
91
67
123
141
232
236
231
228
226
229
237
230
230
233
234
223
228
232
228
223
225
228
227
223
227
227
222
224
223
222
225
224
221
222
223
223
218
222
225
226
226
162
283
229
228
224
228
231
230
157
294
236
234
232
232
227
230
233
236
234
232
228
234
239
240
234
235
234
231
239
228
170
93
120
88
235
126
108
138
97
93
90
92
91
97
226
107
132
95
136
94
115
91
164
92
142
94
136
231
231
161
293
234
229
228
227
230
229
228
228
230
232
232
228
230
235
237
234
231
232
237
237
232
233
229
86
147
226
238
238
235
231
232
229
229
229
233
233
230
230
231
232
231
229
233
232
231
159
306
239
160
76
233
233
234
220
246
235
235
234
233
234
234
234
233
229
234
237
135
100
93
137
111
91
91
91
95
120
99
97
92
91
163
91
90
100
81
98
90
65
98
112
86
95
94
82
100
91
91
91
78
104
77
100
152
86
97
282
102
88
78
190
115
91
219
220
221
217
228
88
130
209
96
119
187
243
220
94
94
120
111
113
93
213
88
132
205
217
210
202
148
104
91
74
107
102
173
248
209
207
203
214
203
161
94
158
208
210
201
217
194
207
201
162
247
206
204
202
218
191
204
197
210
196
208
201
202
98
93
206
201
201
200
204
206
82
115
100
105
93
91
89
93
126
102
94
107
201
202
202
202
198
203
158
242
202
199
199
200
200
199
197
198
199
198
196
198
199
199
199
198
161
234
200
197
93
91
84
130
86
90
144
88
94
91
91
91
99
93
119
94
85
91
97
91
91
91
91
158
98
99
123
83
194
99
91
91
119
122
112
160
198
199
201
199
200
200
201
200
201
200
208
194
201
200
202
208
201
195
209
201
201
201
205
199
211
95
109
199
201
204
207
205
203
199
199
203
202
203
204
204
203
203
205
147
257
206
203
198
173
238
100
105
205
203
203
202
197
210
199
208
203
204
163
241
202
209
204
204
204
201
204
203
204
203
205
147
93
147
230
204
206
201
211
204
203
207
206
206
204
95
109
207
208
207
207
208
209
155
260
213
126
108
182
88
100
91
101
249
214
206
218
209
208
209
212
210
209
209
212
211
211
211
155
259
213
212
212
211
164
252
208
217
212
187
107
91
244
213
208
210
213
211
161
254
215
213
212
210
208
212
166
260
215
210
213
216
217
215
214
213
217
219
219
219
217
219
223
223
223
222
220
225
227
227
225
223
227
229
227
226
225
229
229
226
224
228
229
230
228
227
227
230
231
230
227
227
230
232
230
228
227
232
233
233
230
228
226
231
232
231
228
160
291
234
231
227
225
229
231
231
229
227
227
232
231
231
229
228
231
233
233
231
231
234
234
234
233
232
233
235
234
235
233
232
236
238
236
236
234
232
238
238
236
233
233
235
238
236
160
304
248
240
235
234
233
231
237
238
235
235
155
310
251
245
236
234
232
239
242
238
238
237
235
237
239
239
238
238
235
242
239
238
234
233
238
238
160
302
239
236
235
234
233
228
227
154
146
93
99
136
100
91
90
100
127
104
113
221
106
123
219
151
271
100
98
102
91
91
192
148
277
222
220
218
211
217
207
219
206
218
95
91
239
205
217
212
210
213
212
209
212
206
215
164
259
217
214
211
205
220
214
210
213
211
219
211
215
215
215
207
221
216
217
215
215
216
220
217
217
217
219
220
219
218
150
284
225
220
218
219
213
100
124
225
97
117
222
161
273
223
219
219
157
271
222
217
229
201
218
216
212
213
150
277
219
214
216
159
267
220
214
216
155
142
134
202
116
120
96
121
95
126
221
218
217
214
220
222
220
219
218
221
226
223
221
219
223
227
228
226
225
150
299
234
232
228
226
231
234
234
232
232
229
232
235
97
60
122
184
79
151
230
159
169
124
236
228
220
89
98
91
174
217
154
288
227
220
222
222
159
276
224
223
221
217
217
218
222
220
217
218
214
229
220
219
220
222
224
221
218
219
222
224
224
218
216
221
224
227
223
218
223
226
156
296
232
228
229
231
231
231
228
231
236
161
308
239
234
237
241
240
239
237
237
237
243
244
242
241
238
243
248
246
244
241
239
245
247
246
244
241
243
246
245
245
244
241
245
248
246
245
243
242
247
250
249
246
247
243
245
249
250
247
246
243
242
247
245
240
238
235
95
144
238
235
230
233
235
233
154
302
248
238
232
228
229
232
234
232
231
231
234
236
234
168
294
245
240
237
234
234
157
315
244
238
236
235
184
169
377
258
240
245
240
238
235
235
239
242
240
241
238
238
242
243
241
241
240
244
157
339
245
242
245
244
242
239
236
242
243
243
242
243
240
240
242
245
244
243
242
241
243
247
248
245
245
243
243
157
336
250
243
241
240
250
248
244
243
241
240
162
326
250
244
240
239
247
247
243
240
239
246
245
244
244
243
241
241
248
247
244
244
244
246
253
249
244
242
247
252
250
243
241
239
243
244
242
237
157
316
260
252
241
235
235
241
235
231
171
148
96
127
91
86
96
131
90
141
95
138
228
233
166
287
235
228
228
230
230
229
228
226
230
232
231
230
229
233
234
236
234
236
233
237
239
237
239
232
238
236
246
239
157
304
260
245
241
240
239
236
247
243
242
242
240
241
242
239
156
319
257
244
237
119
117
229
240
160
301
247
238
232
229
156
299
240
232
226
223
171
282
231
229
227
228
229
224
226
228
230
231
223
232
231
233
232
232
228
231
232
233
235
231
151
312
240
236
234
235
232
158
302
234
245
234
231
234
235
148
321
244
233
233
233
232
166
293
238
235
232
230
231
157
306
240
237
235
233
236
156
319
245
240
239
237
241
239
239
239
239
237
235
239
242
241
240
242
235
242
242
243
243
163
319
251
248
244
244
243
241
244
245
245
245
244
243
245
246
246
245
245
247
248
240
244
248
247
246
245
244
246
245
247
246
245
246
249
248
247
249
248
246
249
249
248
248
249
248
247
248
252
253
251
249
246
249
252
254
252
250
249
251
257
254
252
252
249
250
257
258
253
253
252
250
253
257
259
248
257
249
251
255
256
251
252
247
238
263
246
258
250
249
255
257
253
251
249
248
255
256
251
251
248
249
251
256
253
249
237
261
254
251
251
250
250
256
258
252
253
253
252
252
258
261
256
255
256
253
252
258
259
255
251
251
257
255
253
251
248
251
256
257
250
249
244
251
249
259
250
249
247
251
160
349
256
252
247
250
256
261
254
250
249
255
261
254
251
250
250
255
260
252
250
252
249
253
254
257
252
251
249
248
252
254
255
251
249
246
249
252
257
249
250
244
250
248
253
243
248
244
238
162
321
186
93
104
97
86
97
94
218
234
132
80
266
153
317
250
234
244
236
229
233
235
232
225
230
232
230
223
226
228
230
230
230
230
229
223
234
229
230
224
238
228
209
250
234
231
230
231
234
233
234
235
236
232
236
231
242
234
234
237
238
237
234
236
235
241
237
230
240
236
236
236
232
235
