-8
330
293
293
96
198
289
301
293
292
299
296
296
296
295
294
303
293
136
166
93
100
104
261
323
299
294
290
291
295
293
295
294
110
187
295
92
85
92
91
87
106
89
107
91
91
91
94
94
208
101
76
176
294
296
293
263
229
107
293
293
294
294
296
293
298
298
298
296
298
300
298
296
299
298
296
296
297
297
293
298
298
298
121
174
96
89
93
92
91
90
92
71
111
84
82
107
83
99
90
108
292
292
296
294
290
281
309
293
293
290
289
290
295
293
295
293
293
291
294
292
290
297
294
292
298
297
295
294
292
297
294
238
96
91
88
94
95
68
102
101
88
96
91
91
80
102
90
87
78
109
91
98
94
86
96
91
86
96
86
66
117
95
54
216
301
293
300
293
93
91
91
91
230
288
197
358
316
306
247
329
97
91
190
97
15347
92
74
295
84
189
173
112
91
91
91
91
89
88
89
79
154
93
91
89
90
167
94
252
102
111
91
93
201
96
118
154
95
198
93
112
91
101
86
100
89
98
113
96
90
92
91
86
96
91
256
295
300
299
295
300
301
300
297
303
300
177
216
95
97
200
110
94
90
92
87
95
86
101
91
91
84
99
93
125
140
181
95
103
94
103
91
89
96
91
92
87
95
91
82
98
84
100
88
86
99
91
91
151
96
196
85
102
138
81
99
93
88
93
83
100
98
91
94
91
123
94
90
227
91
91
80
102
91
91
91
98
107
96
210
98
210
95
163
302
300
297
303
303
301
299
304
303
304
302
307
307
303
302
306
305
302
301
146
95
210
310
311
309
308
305
310
310
310
308
311
311
310
309
308
313
312
310
313
313
313
310
314
315
314
310
313
316
312
309
311
315
312
307
311
310
307
307
312
309
303
309
97
140
305
312
310
308
305
312
310
308
306
313
310
307
307
313
310
304
310
175
443
297
258
349
310
310
307
302
306
305
303
304
303
302
310
306
304
314
309
305
316
311
307
312
315
306
318
307
296
302
298
293
304
302
300
297
304
303
302
297
305
302
301
298
305
303
303
300
300
305
304
148
149
304
96
88
126
295
297
302
299
296
307
301
296
301
302
302
299
305
303
302
298
303
301
176
214
266
300
298
303
300
216
82
298
295
297
263
304
317
310
175
441
301
300
289
252
355
304
303
304
297
303
304
305
304
301
306
306
306
302
306
308
308
305
304
306
308
307
303
309
308
309
305
308
310
310
304
311
309
302
304
306
301
301
305
303
300
306
305
303
301
306
306
304
307
308
306
303
308
306
300
305
305
316
310
307
312
521
178
300
356
314
316
280
339
312
316
312
309
309
86
90
94
97
77
97
102
88
69
116
90
92
69
101
103
122
339
309
307
303
298
294
295
299
301
294
305
180
411
203
96
87
72
90
114
119
108
312
234
90
269
301
299
295
297
298
299
294
302
299
302
295
302
301
298
292
306
110
147
337
153
99
93
91
89
93
91
91
91
83
91
99
91
91
85
97
91
73
109
87
91
92
91
91
89
91
96
81
101
74
101
98
89
92
92
88
90
96
113
93
90
134
167
309
277
304
293
305
296
190
106
301
300
305
277
200
97
108
91
93
91
91
106
335
298
301
297
296
301
300
297
294
94
77
129
297
293
295
298
299
295
301
299
297
297
300
299
296
295
300
297
294
300
298
295
295
299
298
292
300
296
295
293
297
297
294
297
299
303
299
301
303
303
301
292
315
303
299
303
302
303
300
303
300
297
299
301
301
298
304
303
299
304
215
376
313
313
308
304
299
304
304
302
299
303
301
297
297
301
295
296
299
299
295
302
299
294
302
301
298
294
303
179
425
207
189
335
306
304
304
302
298
293
300
297
294
277
315
299
295
300
301
301
297
303
302
300
298
302
302
296
300
295
299
175
271
214
340
308
311
303
303
305
303
303
311
306
304
303
308
305
306
303
291
320
306
304
306
304
300
300
297
296
301
300
299
296
300
301
195
101
296
291
95
98
110
113
183
294
294
297
292
300
297
292
298
161
131
79
149
93
185
83
102
196
294
212
102
94
143
94
96
95
91
241
96
113
97
95
91
97
91
202
81
208
162
138
294
296
292
299
295
302
298
300
298
301
302
299
299
301
299
295
302
300
301
295
301
299
297
167
130
95
91
91
190
125
89
83
102
89
87
83
107
108
130
135
177
272
325
223
115
91
91
82
97
95
89
127
89
108
84
156
99
261
300
303
284
305
294
299
290
300
211
98
93
91
88
92
87
97
212
96
315
297
294
298
291
294
293
296
296
295
293
297
296
295
290
296
294
291
295
291
291
293
290
294
293
215
355
305
299
297
300
299
296
299
304
300
298
300
305
302
295
294
296
295
292
295
295
289
298
296
292
294
296
296
238
166
111
73
117
93
91
92
93
78
93
102
67
112
86
98
82
99
68
119
99
93
91
88
88
74
114
91
68
114
91
91
76
106
101
97
87
95
82
97
96
240
90
110
141
155
93
74
98
105
87
85
110
95
90
101
88
157
98
91
91
84
98
86
96
84
95
94
91
109
93
98
94
86
107
94
115
100
91
88
93
215
74
103
97
89
126
102
91
86
119
96
111
131
99
123
101
154
96
89
100
101
163
151
248
94
181
96
263
291
265
323
298
219
334
312
278
328
136
111
94
170
184
82
118
187
90
239
93
81
98
80
126
197
90
209
293
84
101
90
81
223
293
289
255
321
297
293
292
181
353
307
305
152
92
93
91
91
76
105
95
77
103
102
102
304
123
100
85
76
100
99
113
97
64
180
90
157
135
326
285
294
292
287
295
156
127
156
99
92
91
80
99
94
86
93
96
81
101
91
83
99
91
76
90
107
91
90
75
108
85
71
109
65
119
97
110
87
283
283
78
164
93
230
285
286
286
291
288
290
285
177
116
100
190
285
289
290
285
288
261
119
196
263
308
289
102
88
94
95
85
88
113
107
87
99
109
109
160
89
124
92
72
112
89
93
91
91
91
76
215
285
285
290
288
285
292
291
287
288
292
291
282
90
164
105
93
113
91
95
88
94
91
97
88
101
84
98
87
95
88
76
109
91
85
90
87
103
86
123
106
95
86
131
83
112
90
97
100
125
91
79
179
112
103
93
91
89
90
117
82
154
94
89
167
251
94
86
99
107
80
102
91
246
284
124
82
102
98
92
74
125
91
95
219
96
112
92
97
91
94
79
103
140
128
162
288
109
189
292
290
505
182
208
320
287
292
299
306
295
293
293
293
292
291
294
123
171
291
289
297
293
288
293
292
288
290
295
289
216
97
153
100
91
83
90
100
91
91
91
91
87
86
100
80
102
91
91
80
102
101
87
121
93
85
155
171
172
124
195
89
100
94
78
257
99
91
100
83
101
95
88
87
96
82
99
87
90
101
91
451
295
296
100
89
92
92
91
88
94
90
87
102
81
101
91
88
94
91
97
91
91
87
98
94
96
95
96
211
85
123
94
212
134
280
285
288
285
285
290
288
284
289
290
290
288
288
291
291
289
290
292
293
291
290
293
292
289
294
292
291
290
294
291
288
294
291
288
293
291
286
90
119
103
81
101
87
89
94
94
91
78
116
294
99
188
287
288
286
237
92
96
88
94
91
89
93
90
90
91
182
78
299
282
285
292
286
285
291
288
284
294
283
137
134
240
354
294
292
290
295
293
295
296
119
97
91
102
188
296
103
98
64
118
152
97
143
106
95
83
93
103
92
91
91
251
292
94
102
100
276
285
288
287
286
285
288
288
284
289
189
346
302
300
294
293
292
294
292
291
290
291
291
290
297
294
289
292
295
294
293
294
297
276
316
297
297
189
109
297
295
302
298
296
293
296
291
295
294
288
297
294
172
329
284
305
301
304
304
308
304
302
303
299
171
314
292
302
309
309
259
331
309
299
296
302
244
103
85
79
115
91
88
88
94
94
90
79
104
131
117
174
291
289
291
294
292
291
295
294
291
293
294
293
290
292
293
290
291
294
293
291
295
295
295
292
297
218
78
221
101
76
106
85
97
84
114
287
292
196
95
97
47
135
84
96
100
103
97
90
144
95
105
84
181
294
295
294
293
296
294
198
372
312
301
299
294
292
291
292
291
289
293
293
292
289
119
94
93
92
101
84
98
89
93
108
89
93
91
91
91
93
88
105
109
93
78
104
80
122
93
91
88
93
90
96
93
91
91
82
100
98
90
95
165
322
193
99
99
89
86
84
97
99
161
149
108
89
94
98
72
100
92
97
86
177
150
289
289
294
295
177
354
311
302
171
314
184
243
321
297
301
314
305
306
309
306
303
298
296
300
300
298
297
299
299
297
296
300
299
295
285
313
298
297
301
301
296
302
300
297
296
302
302
298
295
296
299
298
295
303
218
79
104
89
98
91
91
91
91
91
91
91
87
102
91
88
94
91
75
107
91
91
90
92
97
81
100
89
94
91
82
81
90
111
82
102
127
168
379
884
869
2371
591
604
296
606
300
1504
298
302
301
298
296
300
297
295
295
298
299
296
298
301
517
195
241
278
68
117
184
305
320
305
304
300
298
301
301
298
297
301
524
286
248
328
310
320
173
462
302
314
300
298
295
298
301
300
71
225
301
79
164
107
92
152
94
85
97
88
94
88
92
90
85
90
102
89
105
91
86
100
80
101
83
120
91
91
86
101
90
92
54
111
91
148
95
91
91
83
99
91
91
103
301
295
300
293
128
138
94
91
89
93
95
78
101
83
81
120
286
297
297
293
293
297
296
294
299
301
298
297
302
300
298
297
302
91
93
90
107
100
91
91
97
86
95
74
109
91
80
101
87
96
91
91
91
91
91
91
91
94
91
64
118
91
88
94
91
86
84
85
103
95
87
93
94
94
91
318
300
303
302
299
203
369
318
312
302
300
296
302
301
300
298
303
302
300
299
304
301
274
158
91
74
301
298
297
302
300
295
298
301
300
296
303
301
299
298
301
300
297
301
302
301
297
304
301
301
300
304
302
304
302
306
305
302
301
303
304
299
306
305
305
302
308
308
307
304
308
308
305
302
308
307
305
305
309
308
304
304
308
307
305
305
306
306
302
308
307
305
302
306
305
302
284
325
303
301
307
304
300
307
306
302
298
303
304
299
187
99
323
299
173
125
305
301
298
307
306
305
303
307
306
303
306
308
306
304
309
307
299
311
305
303
305
308
303
304
303
308
306
304
305
309
302
309
304
305
303
307
307
299
231
78
114
92
93
88
96
89
94
84
96
93
110
160
189
115
92
203
107
104
97
108
196
268
136
201
96
94
117
80
89
131
310
307
304
285
250
364
320
303
192
374
322
636
316
312
315
313
314
307
312
309
309
309
309
308
314
310
308
308
306
311
311
307
311
310
308
306
311
312
305
309
310
308
311
246
365
322
310
307
305
310
311
309
302
308
265
350
310
306
309
311
307
306
309
310
307
308
311
311
306
311
312
311
303
308
302
306
321
309
300
312
102
204
306
304
272
334
308
310
306
311
311
307
307
313
310
309
307
305
312
310
251
103
91
89
89
81
105
86
96
89
83
80
295
93
85
97
91
87
92
132
84
108
158
95
92
107
178
306
98
114
304
287
316
95
156
105
81
94
98
91
87
91
192
97
90
93
88
94
90
90
76
101
88
101
85
94
121
99
91
88
131
99
78
105
87
237
94
162
94
122
93
91
98
90
75
175
135
93
173
98
147
96
92
207
153
165
102
169
195
111
92
245
88
218
96
86
132
120
97
93
253
97
140
100
87
126
116
215
95
146
134
334
92
92
90
99
124
95
121
94
121
124
179
86
91
112
88
97
100
93
94
89
106
91
89
134
134
92
150
82
87
117
98
77
126
114
160
151
128
91
85
90
121
153
109
97
97
245
95
91
88
89
96
81
96
86
101
86
98
91
91
89
93
80
102
88
91
91
94
90
83
103
109
190
94
138
87
137
159
129
97
74
153
101
91
89
103
96
95
91
89
93
91
448
64
164
99
281
304
306
312
604
239
362
325
185
76
102
95
83
88
102
91
91
84
94
86
100
89
79
105
285
1514
304
301
303
306
304
301
311
307
301
305
305
312
95
91
88
83
101
87
92
95
176
310
147
145
301
195
101
300
298
297
303
182
84
101
91
109
96
113
125
103
104
92
77
108
93
321
297
304
299
299
305
300
306
297
312
305
304
304
151
103
91
86
95
90
87
97
87
89
78
110
348
2304
107
299
308
306
305
304
307
308
306
310
309
311
307
307
312
313
312
320
318
311
319
311
172
366
83
244
165
89
86
85
107
91
86
104
93
321
315
313
306
303
312
309
308
304
310
310
300
312
106
201
306
95
192
94
95
91
91
83
99
91
91
68
114
91
91
91
100
93
95
187
95
75
173
101
94
92
93
79
103
114
321
253
92
102
205
196
124
308
304
307
315
305
304
162
95
67
115
91
80
103
122
77
301
310
305
304
316
307
307
310
310
306
305
313
312
137
167
307
311
308
306
305
308
313
143
102
89
91
190
96
160
102
255
135
125
92
91
91
77
102
94
91
91
117
93
87
95
85
106
186
100
139
111
95
172
95
84
145
76
107
92
95
81
101
86
185
101
91
212
115
93
83
95
89
103
75
107
91
91
81
100
90
80
96
76
112
93
80
99
94
1067
106
100
87
88
100
85
122
231
111
147
93
92
89
90
91
83
104
91
135
95
91
103
94
222
88
68
163
1327
1234
310
309
308
308
308
219
357
343
316
309
309
308
313
169
140
97
94
91
91
91
83
99
85
97
91
71
108
58
122
94
93
47
143
108
76
159
89
97
90
116
99
118
146
103
91
420
303
306
301
155
149
311
306
304
322
300
307
306
108
109
92
84
99
394
320
96
217
243
99
107
142
91
95
91
87
95
91
90
87
96
91
91
87
91
94
90
82
87
102
80
99
98
80
93
97
76
106
94
89
89
93
91
90
95
91
77
105
92
86
96
83
102
91
91
91
90
80
97
97
88
94
87
95
74
152
2436
309
313
317
312
308
310
308
311
309
305
152
163
306
83
142
292
288
98
89
88
84
105
89
93
322
317
308
307
306
310
307
204
110
91
90
121
324
310
319
315
312
317
317
317
313
320
317
313
316
316
316
313
318
315
313
311
316
314
310
315
313
313
309
310
314
315
312
312
315
316
314
311
315
313
313
309
315
314
311
311
314
312
310
316
312
308
314
313
312
310
318
315
311
311
310
317
307
309
312
312
308
182
456
242
365
128
100
89
93
81
101
90
91
92
93
91
82
131
242
109
265
310
309
303
310
311
177
442
235
364
328
316
312
312
191
383
326
315
312
313
313
311
310
314
313
312
310
314
315
313
311
315
315
311
317
314
315
311
318
314
314
314
317
316
315
312
318
310
312
163
130
331
315
314
309
312
306
327
316
312
319
318
317
319
322
319
317
319
319
317
318
266
362
317
317
316
314
314
315
312
313
317
320
312
312
182
442
229
200
363
322
313
320
318
314
313
317
316
317
315
315
307
320
314
307
316
313
311
310
314
313
312
313
316
316
313
321
316
318
318
320
317
318
312
320
318
314
316
318
318
317
317
319
317
316
320
319
316
316
319
321
322
316
322
319
319
316
323
320
317
317
320
318
318
317
320
318
314
263
358
328
316
314
312
181
441
227
198
365
322
315
275
357
311
319
180
446
239
322
367
319
326
322
316
322
319
314
174
93
88
90
142
92
93
93
94
91
84
112
248
92
146
162
322
316
146
169
316
86
100
96
91
91
91
91
91
79
87
107
89
93
91
127
154
128
95
91
85
111
89
95
91
87
95
91
84
98
90
82
116
294
153
97
89
94
100
123
627
310
314
624
318
316
311
313
319
312
310
322
315
303
93
91
91
84
88
140
97
260
310
267
354
311
186
107
338
100
88
118
173
76
114
82
84
93
91
117
103
97
210
92
218
169
139
258
97
253
194
129
309
112
108
88
130
182
199
112
215
84
97
98
90
95
117
97
89
98
97
93
79
103
89
93
72
147
103
93
97
107
93
89
93
189
92
88
94
91
86
171
90
100
87
79
107
86
96
96
79
102
92
91
92
98
91
94
91
91
89
84
99
75
108
89
81
103
63
115
160
105
314
146
121
91
264
312
307
317
315
312
312
317
315
314
312
315
316
312
313
316
95
91
81
102
254
191
116
329
309
314
315
312
309
321
317
309
322
315
311
254
365
326
318
312
314
314
311
308
96
91
128
311
306
95
78
102
93
80
95
88
108
84
86
101
92
92
90
96
101
76
187
121
88
138
99
91
91
91
91
78
104
87
92
94
91
91
91
119
252
134
1783
316
311
309
309
312
312
307
313
311
310
315
308
315
314
310
308
317
313
309
315
313
311
310
308
314
558
213
363
318
315
312
316
314
315
312
315
314
316
316
313
313
312
311
317
314
310
311
312
317
313
313
314
318
315
314
319
317
314
319
318
316
315
318
316
532
294
273
354
338
326
316
319
318
317
315
322
320
320
317
321
319
317
322
319
319
316
121
100
76
106
89
96
94
88
80
105
91
79
94
95
92
95
90
92
82
84
104
94
89
73
111
85
94
94
112
120
87
111
92
109
143
107
292
87
110
100
90
96
91
91
109
90
95
261
100
149
85
193
98
94
203
131
81
137
92
95
128
167
98
85
96
93
82
99
176
115
235
83
101
96
94
86
92
93
84
91
107
87
180
310
317
315
308
317
314
306
314
313
307
145
78
106
91
91
91
86
96
82
370
304
342
92
108
93
87
85
115
303
304
309
304
305
311
306
305
312
270
337
311
311
308
308
312
310
183
428
230
207
349
320
311
308
309
310
307
308
311
312
97
215
313
318
318
317
318
321
321
317
323
320
325
322
319
319
320
316
323
321
316
321
320
97
221
93
94
129
322
318
316
319
318
317
314
320
318
316
316
319
318
316
321
319
317
314
316
314
308
318
315
310
309
315
311
100
97
92
102
107
92
95
116
132
104
133
96
181
94
226
101
131
94
70
106
97
87
84
102
87
91
95
91
91
89
93
106
90
87
93
82
85
89
142
562
320
800
90
98
95
91
91
86
89
93
95
50
126
98
205
943
148
94
89
813
94
91
54
113
102
90
96
84
288
130
89
95
108
90
85
93
93
144
101
257
262
99
129
97
86
200
308
299
310
117
93
90
149
98
90
74
198
302
299
304
263
333
301
306
300
309
225
82
306
312
218
90
281
339
239
102
117
95
98
95
93
119
97
107
93
93
87
90
96
123
95
97
73
109
75
107
91
91
86
81
104
93
91
64
101
108
86
93
87
84
104
92
73
105
80
106
84
88
181
87
103
92
97
76
194
94
172
94
96
87
110
101
107
102
91
91
170
302
298
304
299
301
93
173
143
75
111
134
168
94
92
92
91
91
91
88
97
85
82
298
300
307
305
302
302
306
304
303
309
308
301
307
306
293
218
108
304
95
92
74
108
91
91
91
93
93
85
92
203
104
103
71
99
122
121
311
113
89
96
91
80
102
83
264
304
312
306
304
310
304
302
307
306
304
217
88
106
91
81
100
89
83
88
68
128
82
85
94
70
112
100
97
61
121
90
91
102
91
94
87
93
122
98
85
93
95
144
127
306
304
303
616
303
308
303
103
94
115
301
303
306
297
312
307
302
306
303
259
101
77
101
93
87
94
109
95
209
305
307
312
311
309
304
307
258
351
313
307
305
312
307
305
309
308
308
307
315
310
309
310
314
310
309
315
312
311
310
315
312
311
312
312
312
309
167
115
93
88
94
106
104
168
314
95
82
100
91
83
99
91
91
91
91
262
343
217
342
205
213
101
93
265
312
311
313
92
219
305
312
309
305
99
90
91
92
66
119
91
91
103
94
88
229
88
135
94
273
305
314
308
306
308
305
309
308
311
308
214
89
96
74
108
91
91
160
304
309
309
307
306
315
308
304
311
308
305
306
311
309
307
310
312
314
311
317
313
312
314
315
313
312
317
312
310
316
312
311
310
316
312
312
311
316
313
309
317
313
312
313
316
314
312
317
313
311
314
313
312
96
87
94
81
100
93
91
98
197
307
313
253
348
193
313
241
325
347
325
315
311
317
312
313
310
315
312
308
314
312
311
311
315
311
309
310
312
311
309
314
312
314
312
317
316
313
314
315
313
312
315
316
314
315
318
320
318
317
322
318
315
319
316
315
314
320
317
315
315
318
317
314
318
317
317
316
322
317
317
316
320
318
316
319
320
318
316
321
319
318
318
322
319
315
323
317
313
319
316
315
227
108
138
137
96
132
83
106
88
94
96
82
100
91
87
95
94
103
219
199
95
91
91
91
87
95
86
98
205
115
113
89
94
91
84
99
96
91
94
97
91
100
91
91
82
101
91
96
98
96
90
95
91
91
102
162
311
320
315
311
314
318
315
311
316
312
320
173
143
303
317
315
316
313
316
317
112
200
301
161
153
291
297
186
106
292
338
321
312
319
159
81
77
115
91
91
84
97
92
87
95
91
91
91
91
87
90
96
91
87
88
158
97
890
159
95
90
269
305
96
214
307
306
91
151
90
94
87
55
137
84
99
104
94
86
96
212
101
262
317
128
107
99
143
136
311
304
94
98
84
93
93
141
103
217
301
308
306
522
303
315
314
333
314
306
310
307
309
316
305
313
307
305
314
294
165
92
76
107
91
91
90
92
99
91
91
91
91
77
105
88
94
83
96
72
111
93
83
99
120
95
103
182
304
315
308
224
104
291
278
98
237
250
350
97
91
91
99
89
88
92
101
92
81
108
91
91
80
108
91
67
111
117
95
97
90
92
91
91
78
111
91
91
89
91
78
103
84
101
127
94
77
105
93
66
111
97
91
105
81
100
85
124
94
144
100
91
66
111
316
314
316
309
307
312
239
346
310
311
310
307
306
314
309
308
310
311
310
309
315
278
246
98
94
83
99
91
237
99
102
88
101
91
91
91
158
101
144
143
315
255
94
91
87
99
94
86
96
324
129
97
91
78
102
95
88
88
131
89
97
83
99
90
92
90
101
88
91
338
313
308
311
317
307
315
99
218
261
99
245
314
314
311
309
95
220
310
308
311
309
307
95
84
98
96
81
158
91
96
91
91
91
90
92
167
100
88
218
297
301
306
297
251
320
324
304
303
300
310
304
94
91
118
88
126
92
100
200
276
331
96
211
301
303
192
104
316
246
91
85
187
302
309
304
304
311
143
97
93
273
312
307
260
346
102
176
82
96
104
100
80
101
92
99
86
99
91
187
295
298
116
103
64
117
81
102
64
116
90
94
91
75
103
94
84
99
94
91
91
94
80
118
93
135
116
228
92
91
89
75
114
87
94
88
95
91
84
224
84
101
91
83
93
88
100
84
104
91
128
162
299
304
301
301
308
307
302
309
308
301
308
305
301
228
93
284
301
300
307
304
300
301
305
302
301
307
191
91
91
93
116
93
148
90
105
200
91
92
85
97
91
84
93
87
87
81
108
91
78
104
73
113
93
91
88
96
89
97
89
91
94
96
90
95
137
86
101
92
99
86
96
90
84
99
87
95
152
81
116
91
87
72
111
110
88
81
102
93
91
84
100
92
97
86
96
91
94
95
87
91
96
91
101
82
87
75
120
92
89
88
91
163
82
98
101
88
94
72
110
109
80
102
2770
304
301
304
307
307
305
309
308
302
308
310
305
304
309
308
304
307
310
306
304
310
308
279
92
91
88
94
216
343
313
306
304
302
309
305
303
308
306
305
304
309
306
303
310
307
305
305
309
307
304
313
305
304
306
304
307
305
308
304
280
325
253
100
96
87
95
91
91
86
96
106
109
75
108
95
91
144
93
113
202
314
310
308
310
312
311
309
314
310
308
309
309
235
356
313
311
308
307
313
310
308
307
312
310
308
312
311
310
306
311
219
92
89
102
112
307
312
308
307
312
309
306
307
310
308
307
309
309
308
306
312
310
308
305
249
93
168
109
305
314
84
131
86
116
164
100
96
91
91
89
93
77
238
98
246
168
103
94
86
189
89
148
100
103
90
78
114
94
94
83
101
91
93
91
82
100
89
93
82
100
80
80
119
232
305
91
213
126
93
121
71
114
91
105
155
307
159
92
88
209
95
89
91
95
85
97
144
262
300
304
302
302
303
310
305
307
308
305
304
309
306
305
308
306
305
264
343
308
313
307
306
304
304
311
308
304
308
308
304
96
91
91
90
89
89
96
84
97
83
328
307
309
307
310
310
305
311
309
307
309
309
308
308
310
312
307
309
312
309
301
310
309
307
312
315
308
306
311
311
312
310
316
313
313
313
260
356
317
294
251
329
323
326
314
339
174
462
318
302
296
306
304
300
311
306
306
304
313
310
304
312
313
309
306
312
311
306
280
344
311
307
315
311
311
309
314
312
308
311
312
311
308
315
311
216
87
314
313
310
307
313
312
307
311
313
312
304
200
111
107
100
91
160
97
91
89
95
87
87
703
140
311
307
253
104
131
76
109
92
86
96
95
92
100
262
351
310
458
98
88
278
307
205
66
110
105
87
96
86
96
91
98
92
91
83
99
91
315
304
254
105
112
107
91
79
96
98
91
174
300
307
304
301
310
277
170
158
66
122
121
162
100
91
90
103
93
86
99
108
94
91
91
89
89
149
97
208
307
301
207
99
86
96
91
91
87
95
89
157
127
80
106
87
96
74
108
91
89
186
102
197
127
123
99
264
1239
306
202
385
314
312
314
315
311
313
310
313
311
110
199
263
91
71
111
88
90
92
85
98
93
80
88
177
110
331
304
313
306
311
309
307
307
308
306
306
303
310
306
306
307
310
308
305
311
310
308
307
312
310
309
310
268
135
150
96
280
311
309
306
314
309
306
311
309
307
308
311
311
308
206
102
85
100
92
91
91
84
98
71
115
91
90
90
92
75
108
91
85
97
209
164
98
88
89
96
86
96
91
126
312
311
306
192
96
90
96
91
102
88
78
107
88
94
86
94
93
89
78
106
91
115
91
85
94
94
88
92
96
91
87
92
88
97
83
90
100
88
94
79
107
89
93
74
108
91
157
301
85
106
86
322
102
94
106
289
116
99
91
103
99
75
107
78
103
89
94
93
91
87
88
94
95
91
84
98
90
101
91
84
88
90
102
91
91
91
91
85
93
87
99
82
100
87
93
93
88
93
87
96
88
110
77
107
91
91
86
96
144
98
91
96
123
92
116
103
94
91
91
94
86
136
93
120
195
107
95
91
81
82
108
92
92
91
91
85
121
115
88
112
96
79
103
265
116
117
105
93
230
92
81
144
112
90
103
91
214
301
300
306
302
301
307
304
309
307
303
301
311
305
304
302
302
301
182
162
91
100
88
94
83
101
87
95
91
91
93
76
111
89
99
78
90
102
90
83
111
91
91
91
87
94
92
90
77
106
100
76
112
91
91
91
91
86
91
96
84
92
97
91
76
106
73
103
97
86
94
107
92
89
94
91
82
62
129
91
89
93
97
124
88
100
142
173
125
278
298
155
147
277
85
164
84
79
111
81
94
100
93
97
89
93
91
91
72
94
107
56
142
339
81
129
83
146
92
82
307
310
308
306
309
306
306
305
308
303
303
