179
300
301
301
302
302
302
299
298
302
302
304
304
304
304
303
301
305
306
306
307
307
307
305
303
307
307
308
309
307
304
305
308
308
308
307
304
303
306
306
307
306
305
303
302
306
306
306
306
307
304
303
306
306
307
308
219
91
303
302
307
308
307
303
300
306
305
305
305
300
297
301
302
301
301
300
296
298
299
299
299
299
299
300
297
296
300
300
300
300
302
301
299
297
301
302
302
303
303
304
304
305
303
301
305
306
306
307
308
306
304
306
308
308
300
307
301
313
306
302
294
304
304
303
302
302
297
301
301
299
300
298
295
297
297
297
298
297
297
293
297
297
298
297
298
299
299
299
298
297
300
301
301
302
302
304
304
304
304
301
305
306
306
307
307
306
307
309
308
307
304
308
309
309
309
307
303
310
309
309
303
305
307
307
305
294
310
304
302
302
302
300
299
295
299
298
298
298
297
293
298
299
298
298
299
299
296
296
299
300
300
301
302
302
303
303
304
304
306
303
302
305
306
306
307
308
308
306
305
307
308
309
309
309
306
305
309
308
309
309
306
304
307
307
308
308
308
305
304
307
307
307
309
308
302
306
307
307
307
307
301
306
305
305
304
304
298
303
303
302
302
302
302
301
298
294
299
300
300
300
301
300
301
301
301
301
299
299
301
303
303
304
305
305
306
304
302
306
307
308
309
310
309
308
306
308
310
310
311
312
308
308
311
312
312
313
313
309
307
311
312
312
313
308
306
311
311
311
311
307
306
309
308
309
310
310
308
307
307
309
310
311
312
312
312
309
308
311
312
313
312
314
310
308
312
311
312
311
307
309
310
310
308
303
307
308
306
306
298
306
303
304
302
297
295
299
299
298
298
298
297
294
295
296
297
297
297
297
298
298
297
296
296
298
299
299
299
300
301
298
297
300
302
301
303
302
303
301
300
303
303
304
304
305
303
304
305
305
307
304
303
306
307
307
301
307
307
306
305
303
296
303
302
302
301
297
294
299
298
298
297
297
294
291
296
295
296
296
295
296
296
296
294
294
296
298
297
299
298
299
300
300
299
297
300
301
302
302
303
303
301
301
303
303
304
305
304
301
300
304
304
304
304
301
299
304
303
304
303
300
299
302
302
302
302
302
302
300
299
302
303
302
303
304
300
300
303
304
303
305
302
302
304
305
306
306
305
303
301
305
306
301
304
305
304
303
301
295
304
302
302
301
301
299
298
298
298
292
297
295
297
296
296
297
297
297
294
296
298
298
299
300
301
300
301
299
297
301
301
302
302
303
304
304
304
302
302
305
305
306
305
306
302
299
304
305
305
305
301
301
304
304
304
303
304
302
300
304
303
304
304
304
304
302
301
304
303
305
304
305
302
301
304
304
304
303
299
299
301
302
300
296
300
300
299
295
293
296
297
296
296
295
290
292
292
293
293
292
292
292
288
290
292
292
292
292
293
294
293
291
291
293
295
295
296
297
297
298
299
300
298
298
300
301
303
303
305
304
303
302
304
306
306
306
305
304
301
306
306
307
305
299
306
304
304
302
301
300
293
299
298
297
296
290
296
295
294
294
293
289
294
293
293
293
293
292
293
288
291
292
293
293
294
294
295
296
295
297
294
294
297
297
299
299
300
301
302
300
299
302
303
304
306
306
307
308
305
303
308
309
309
310
310
308
307
310
310
311
311
313
310
308
313
313
312
307
312
313
311
312
307
309
310
310
308
307
301
307
306
306
307
305
302
303
304
305
305
306
305
305
305
306
303
306
307
307
307
308
309
308
310
309
307
306
310
311
311
311
313
311
311
313
310
311
314
314
314
309
314
313
313
311
311
305
312
310
309
309
308
307
295
313
307
306
306
307
305
303
299
304
305
304
305
304
305
300
305
304
304
305
306
306
306
304
304
306
307
308
308
309
310
310
311
309
307
311
312
313
314
314
312
310
314
315
316
316
313
311
315
316
316
304
321
313
314
314
313
309
306
311
311
311
307
304
309
309
308
307
303
301
306
304
305
305
304
305
304
305
305
305
306
306
308
308
